# Command line arguments:  -Xmx7g  Program arguments:  --manual_gc --:object_activity 

used memory, total memory, maximum memory
5,245,6372
118,309,6372
183,437,6372
209,616,6372
405,616,6372
448,927,6372
407,1186,6372
723,1186,6372
657,1645,6372
959,1645,6372
1215,1645,6372
795,1948,6372
1090,1948,6372
1329,1948,6372
1025,2547,6372
1271,2547,6372
1500,2547,6372
1857,2547,6372
1352,2959,6372
1764,2959,6372
2136,2959,6372
1764,3665,6372
2158,3665,6372
2520,3665,6372
2585,3665,6372
2618,3665,6372
2618,3665,6372
2654,3665,6372
2717,3665,6372
2720,3665,6372
2783,3665,6372
2815,3665,6372
2848,3665,6372
2885,3665,6372
3013,3665,6372
2094,4254,6372
2316,4254,6372
2542,4254,6372
2673,4254,6372
2739,4254,6372
2771,4254,6372
2837,4254,6372
2870,4254,6372
2870,4254,6372
2935,4254,6372
3072,4254,6372
3296,4254,6372
3361,4254,6372
2513,5296,6372
2640,5296,6372
2731,5296,6372
2967,5296,6372
3143,5296,6372
3234,5296,6372
3234,5296,6372
3326,5296,6372
3600,5296,6372
3829,5296,6372
3920,5296,6372
3966,5296,6372
4015,5296,6372
4057,5296,6372
4057,5296,6372
4103,5296,6372
4103,5296,6372
4149,5296,6372
4240,5296,6372
4242,5296,6372
4286,5296,6372
4286,5296,6372
4286,5296,6372
4288,5296,6372
4332,5296,6372
4379,5296,6372
3103,6038,6372
3463,6038,6372
3819,6038,6372
4136,6038,6372
4492,6038,6372
4770,6038,6372
4888,6038,6372
4888,6038,6372
3696,6685,6685
3892,6685,6685
3892,6685,6685
3892,6685,6685
3892,6685,6685
3933,6685,6685
4128,6685,6685
4404,6685,6685
4718,6685,6685
5032,6685,6685
159,6722,6722
355,6722,6722
355,6722,6722
355,6722,6722
359,6722,6722
400,6722,6722
400,6722,6722
400,6722,6722
400,6722,6722
408,6722,6722
418,6722,6722
428,6722,6722
438,6722,6722
448,6722,6722
458,6722,6722
468,6722,6722
478,6722,6722
488,6722,6722
498,6722,6722
508,6722,6722
518,6722,6722
528,6722,6722
538,6722,6722
548,6722,6722
558,6722,6722
568,6722,6722
578,6722,6722
588,6722,6722
598,6722,6722
608,6722,6722
618,6722,6722
628,6722,6722
638,6722,6722
648,6722,6722
658,6722,6722
668,6722,6722
678,6722,6722
688,6722,6722
698,6722,6722
708,6722,6722
718,6722,6722
728,6722,6722
738,6722,6722
748,6722,6722
758,6722,6722
768,6722,6722
778,6722,6722
788,6722,6722
798,6722,6722
808,6722,6722
818,6722,6722
828,6722,6722
838,6722,6722
848,6722,6722
858,6722,6722
868,6722,6722
878,6722,6722
888,6722,6722
898,6722,6722
908,6722,6722
100,6672,6672
136,6672,6672
136,6672,6672
136,6672,6672
144,6672,6672
152,6672,6672
162,6672,6672
172,6672,6672
182,6672,6672
192,6672,6672
202,6672,6672
212,6672,6672
222,6672,6672
232,6672,6672
242,6672,6672
252,6672,6672
262,6672,6672
272,6672,6672
282,6672,6672
292,6672,6672
302,6672,6672
312,6672,6672
322,6672,6672
332,6672,6672
342,6672,6672
352,6672,6672
362,6672,6672
372,6672,6672
382,6672,6672
392,6672,6672
402,6672,6672
412,6672,6672
422,6672,6672
432,6672,6672
442,6672,6672
452,6672,6672
462,6672,6672
472,6672,6672
482,6672,6672
492,6672,6672
502,6672,6672
512,6672,6672
522,6672,6672
532,6672,6672
542,6672,6672
552,6672,6672
562,6672,6672
572,6672,6672
582,6672,6672
592,6672,6672
602,6672,6672
612,6672,6672
622,6672,6672
651,6672,6672
661,6672,6672
671,6672,6672
681,6672,6672
691,6672,6672
701,6672,6672
711,6672,6672
100,6427,6427
136,6427,6427
136,6427,6427
136,6427,6427
144,6427,6427
152,6427,6427
162,6427,6427
191,6427,6427
201,6427,6427
211,6427,6427
221,6427,6427
231,6427,6427
241,6427,6427
251,6427,6427
261,6427,6427
271,6427,6427
281,6427,6427
291,6427,6427
301,6427,6427
311,6427,6427
321,6427,6427
331,6427,6427
341,6427,6427
351,6427,6427
361,6427,6427
371,6427,6427
381,6427,6427
391,6427,6427
401,6427,6427
411,6427,6427
421,6427,6427
431,6427,6427
441,6427,6427
451,6427,6427
461,6427,6427
471,6427,6427
481,6427,6427
491,6427,6427
501,6427,6427
511,6427,6427
521,6427,6427
531,6427,6427
541,6427,6427
551,6427,6427
561,6427,6427
571,6427,6427
581,6427,6427
591,6427,6427
601,6427,6427
611,6427,6427
621,6427,6427
631,6427,6427
641,6427,6427
651,6427,6427
661,6427,6427
671,6427,6427
681,6427,6427
691,6427,6427
701,6427,6427
711,6427,6427
136,6699,6699
136,6699,6699
136,6699,6699
172,6699,6699
172,6699,6699
172,6699,6699
172,6699,6699
212,6699,6699
212,6699,6699
212,6699,6699
212,6699,6699
252,6699,6699
252,6699,6699
252,6699,6699
252,6699,6699
292,6699,6699
292,6699,6699
292,6699,6699
292,6699,6699
332,6699,6699
332,6699,6699
332,6699,6699
332,6699,6699
372,6699,6699
372,6699,6699
372,6699,6699
372,6699,6699
412,6699,6699
412,6699,6699
412,6699,6699
412,6699,6699
452,6699,6699
452,6699,6699
452,6699,6699
452,6699,6699
492,6699,6699
492,6699,6699
492,6699,6699
492,6699,6699
532,6699,6699
532,6699,6699
532,6699,6699
532,6699,6699
572,6699,6699
572,6699,6699
572,6699,6699
572,6699,6699
612,6699,6699
612,6699,6699
612,6699,6699
612,6699,6699
652,6699,6699
652,6699,6699
652,6699,6699
652,6699,6699
692,6699,6699
692,6699,6699
692,6699,6699
692,6699,6699
732,6699,6699
136,6696,6696
136,6696,6696
136,6696,6696
136,6696,6696
172,6696,6696
172,6696,6696
172,6696,6696
172,6696,6696
212,6696,6696
212,6696,6696
212,6696,6696
212,6696,6696
252,6696,6696
252,6696,6696
252,6696,6696
252,6696,6696
292,6696,6696
292,6696,6696
292,6696,6696
292,6696,6696
332,6696,6696
332,6696,6696
332,6696,6696
332,6696,6696
372,6696,6696
372,6696,6696
372,6696,6696
372,6696,6696
412,6696,6696
412,6696,6696
412,6696,6696
412,6696,6696
452,6696,6696
452,6696,6696
452,6696,6696
452,6696,6696
492,6696,6696
492,6696,6696
492,6696,6696
492,6696,6696
532,6696,6696
532,6696,6696
532,6696,6696
532,6696,6696
572,6696,6696
572,6696,6696
572,6696,6696
572,6696,6696
612,6696,6696
612,6696,6696
612,6696,6696
612,6696,6696
652,6696,6696
652,6696,6696
652,6696,6696
652,6696,6696
692,6696,6696
692,6696,6696
692,6696,6696
692,6696,6696
100,6710,6710
136,6710,6710
136,6710,6710
136,6710,6710
173,6710,6710
173,6710,6710
173,6710,6710
173,6710,6710
213,6710,6710
213,6710,6710
213,6710,6710
213,6710,6710
254,6710,6710
254,6710,6710
254,6710,6710
254,6710,6710
294,6710,6710
294,6710,6710
294,6710,6710
294,6710,6710
334,6710,6710
334,6710,6710
334,6710,6710
334,6710,6710
375,6710,6710
375,6710,6710
375,6710,6710
375,6710,6710
415,6710,6710
415,6710,6710
415,6710,6710
415,6710,6710
456,6710,6710
456,6710,6710
456,6710,6710
456,6710,6710
496,6710,6710
496,6710,6710
496,6710,6710
496,6710,6710
536,6710,6710
536,6710,6710
536,6710,6710
536,6710,6710
577,6710,6710
577,6710,6710
577,6710,6710
577,6710,6710
617,6710,6710
617,6710,6710
617,6710,6710
617,6710,6710
658,6710,6710
658,6710,6710
658,6710,6710
658,6710,6710
698,6710,6710
698,6710,6710
698,6710,6710
698,6710,6710
136,6704,6704
136,6704,6704
136,6704,6704
173,6704,6704
173,6704,6704
173,6704,6704
173,6704,6704
213,6704,6704
213,6704,6704
213,6704,6704
213,6704,6704
254,6704,6704
254,6704,6704
254,6704,6704
254,6704,6704
294,6704,6704
294,6704,6704
294,6704,6704
294,6704,6704
334,6704,6704
334,6704,6704
334,6704,6704
334,6704,6704
375,6704,6704
375,6704,6704
375,6704,6704
375,6704,6704
415,6704,6704
415,6704,6704
415,6704,6704
415,6704,6704
456,6704,6704
456,6704,6704
456,6704,6704
456,6704,6704
496,6704,6704
496,6704,6704
496,6704,6704
496,6704,6704
536,6704,6704
536,6704,6704
536,6704,6704
536,6704,6704
577,6704,6704
577,6704,6704
577,6704,6704
577,6704,6704
617,6704,6704
617,6704,6704
617,6704,6704
617,6704,6704
658,6704,6704
658,6704,6704
658,6704,6704
658,6704,6704
698,6704,6704
698,6704,6704
698,6704,6704
698,6704,6704
100,6727,6727
137,6727,6727
137,6727,6727
137,6727,6727
141,6727,6727
151,6727,6727
161,6727,6727
171,6727,6727
181,6727,6727
191,6727,6727
201,6727,6727
211,6727,6727
221,6727,6727
231,6727,6727
241,6727,6727
251,6727,6727
261,6727,6727
271,6727,6727
281,6727,6727
291,6727,6727
301,6727,6727
311,6727,6727
321,6727,6727
331,6727,6727
341,6727,6727
351,6727,6727
361,6727,6727
371,6727,6727
381,6727,6727
391,6727,6727
401,6727,6727
411,6727,6727
421,6727,6727
431,6727,6727
441,6727,6727
451,6727,6727
461,6727,6727
471,6727,6727
481,6727,6727
491,6727,6727
501,6727,6727
511,6727,6727
521,6727,6727
531,6727,6727
541,6727,6727
551,6727,6727
561,6727,6727
571,6727,6727
581,6727,6727
591,6727,6727
601,6727,6727
611,6727,6727
621,6727,6727
631,6727,6727
641,6727,6727
651,6727,6727
661,6727,6727
671,6727,6727
681,6727,6727
691,6727,6727
100,6718,6718
137,6718,6718
137,6718,6718
137,6718,6718
141,6718,6718
151,6718,6718
161,6718,6718
171,6718,6718
181,6718,6718
191,6718,6718
201,6718,6718
211,6718,6718
221,6718,6718
231,6718,6718
241,6718,6718
251,6718,6718
261,6718,6718
271,6718,6718
281,6718,6718
291,6718,6718
301,6718,6718
311,6718,6718
321,6718,6718
331,6718,6718
341,6718,6718
351,6718,6718
361,6718,6718
371,6718,6718
381,6718,6718
391,6718,6718
401,6718,6718
411,6718,6718
421,6718,6718
431,6718,6718
441,6718,6718
451,6718,6718
461,6718,6718
471,6718,6718
481,6718,6718
491,6718,6718
501,6718,6718
511,6718,6718
521,6718,6718
531,6718,6718
541,6718,6718
551,6718,6718
561,6718,6718
571,6718,6718
581,6718,6718
591,6718,6718
601,6718,6718
611,6718,6718
621,6718,6718
631,6718,6718
641,6718,6718
651,6718,6718
661,6718,6718
671,6718,6718
681,6718,6718
691,6718,6718
138,6731,6731
138,6731,6731
138,6731,6731
142,6731,6731
152,6731,6731
162,6731,6731
172,6731,6731
182,6731,6731
192,6731,6731
202,6731,6731
212,6731,6731
222,6731,6731
232,6731,6731
242,6731,6731
252,6731,6731
262,6731,6731
272,6731,6731
282,6731,6731
292,6731,6731
302,6731,6731
312,6731,6731
322,6731,6731
332,6731,6731
342,6731,6731
352,6731,6731
358,6731,6731
362,6731,6731
372,6731,6731
382,6731,6731
392,6731,6731
402,6731,6731
412,6731,6731
422,6731,6731
432,6731,6731
442,6731,6731
452,6731,6731
462,6731,6731
472,6731,6731
482,6731,6731
492,6731,6731
502,6731,6731
512,6731,6731
522,6731,6731
532,6731,6731
542,6731,6731
552,6731,6731
562,6731,6731
572,6731,6731
582,6731,6731
592,6731,6731
602,6731,6731
612,6731,6731
622,6731,6731
632,6731,6731
642,6731,6731
652,6731,6731
662,6731,6731
672,6731,6731
682,6731,6731
692,6731,6731
100,6514,6514
138,6514,6514
138,6514,6514
138,6514,6514
142,6514,6514
152,6514,6514
162,6514,6514
172,6514,6514
182,6514,6514
192,6514,6514
202,6514,6514
212,6514,6514
222,6514,6514
232,6514,6514
242,6514,6514
252,6514,6514
262,6514,6514
272,6514,6514
282,6514,6514
292,6514,6514
302,6514,6514
312,6514,6514
322,6514,6514
332,6514,6514
342,6514,6514
352,6514,6514
362,6514,6514
372,6514,6514
382,6514,6514
392,6514,6514
402,6514,6514
412,6514,6514
422,6514,6514
432,6514,6514
442,6514,6514
452,6514,6514
462,6514,6514
472,6514,6514
482,6514,6514
492,6514,6514
502,6514,6514
512,6514,6514
522,6514,6514
532,6514,6514
542,6514,6514
552,6514,6514
562,6514,6514
572,6514,6514
582,6514,6514
592,6514,6514
602,6514,6514
612,6514,6514
622,6514,6514
632,6514,6514
642,6514,6514
652,6514,6514
662,6514,6514
672,6514,6514
682,6514,6514
692,6514,6514
138,6703,6703
138,6703,6703
138,6703,6703
142,6703,6703
152,6703,6703
162,6703,6703
172,6703,6703
182,6703,6703
192,6703,6703
202,6703,6703
212,6703,6703
222,6703,6703
232,6703,6703
242,6703,6703
252,6703,6703
262,6703,6703
272,6703,6703
282,6703,6703
292,6703,6703
302,6703,6703
312,6703,6703
322,6703,6703
332,6703,6703
342,6703,6703
352,6703,6703
362,6703,6703
372,6703,6703
382,6703,6703
392,6703,6703
402,6703,6703
412,6703,6703
422,6703,6703
432,6703,6703
442,6703,6703
452,6703,6703
462,6703,6703
472,6703,6703
482,6703,6703
492,6703,6703
502,6703,6703
512,6703,6703
522,6703,6703
532,6703,6703
542,6703,6703
552,6703,6703
562,6703,6703
572,6703,6703
582,6703,6703
592,6703,6703
602,6703,6703
612,6703,6703
622,6703,6703
632,6703,6703
642,6703,6703
652,6703,6703
662,6703,6703
672,6703,6703
682,6703,6703
692,6703,6703
702,6703,6703
138,6514,6514
138,6514,6514
138,6514,6514
142,6514,6514
152,6514,6514
162,6514,6514
172,6514,6514
182,6514,6514
192,6514,6514
202,6514,6514
212,6514,6514
222,6514,6514
232,6514,6514
242,6514,6514
252,6514,6514
262,6514,6514
272,6514,6514
282,6514,6514
292,6514,6514
302,6514,6514
312,6514,6514
322,6514,6514
332,6514,6514
342,6514,6514
352,6514,6514
362,6514,6514
372,6514,6514
382,6514,6514
392,6514,6514
402,6514,6514
412,6514,6514
422,6514,6514
432,6514,6514
442,6514,6514
452,6514,6514
462,6514,6514
472,6514,6514
482,6514,6514
492,6514,6514
502,6514,6514
512,6514,6514
522,6514,6514
532,6514,6514
542,6514,6514
552,6514,6514
562,6514,6514
572,6514,6514
582,6514,6514
592,6514,6514
602,6514,6514
612,6514,6514
622,6514,6514
632,6514,6514
642,6514,6514
652,6514,6514
662,6514,6514
672,6514,6514
682,6514,6514
692,6514,6514
100,6682,6682
138,6682,6682
138,6682,6682
138,6682,6682
142,6682,6682
152,6682,6682
162,6682,6682
172,6682,6682
182,6682,6682
192,6682,6682
202,6682,6682
212,6682,6682
222,6682,6682
232,6682,6682
242,6682,6682
252,6682,6682
262,6682,6682
272,6682,6682
282,6682,6682
292,6682,6682
302,6682,6682
312,6682,6682
322,6682,6682
332,6682,6682
342,6682,6682
352,6682,6682
362,6682,6682
372,6682,6682
382,6682,6682
392,6682,6682
402,6682,6682
412,6682,6682
422,6682,6682
432,6682,6682
442,6682,6682
452,6682,6682
462,6682,6682
472,6682,6682
482,6682,6682
492,6682,6682
502,6682,6682
512,6682,6682
522,6682,6682
532,6682,6682
542,6682,6682
552,6682,6682
562,6682,6682
572,6682,6682
582,6682,6682
592,6682,6682
602,6682,6682
612,6682,6682
622,6682,6682
632,6682,6682
642,6682,6682
652,6682,6682
662,6682,6682
672,6682,6682
682,6682,6682
692,6682,6682
138,6514,6514
138,6514,6514
138,6514,6514
142,6514,6514
152,6514,6514
162,6514,6514
172,6514,6514
182,6514,6514
192,6514,6514
202,6514,6514
212,6514,6514
222,6514,6514
232,6514,6514
242,6514,6514
252,6514,6514
262,6514,6514
272,6514,6514
282,6514,6514
292,6514,6514
302,6514,6514
312,6514,6514
322,6514,6514
332,6514,6514
342,6514,6514
352,6514,6514
362,6514,6514
372,6514,6514
382,6514,6514
392,6514,6514
402,6514,6514
412,6514,6514
422,6514,6514
432,6514,6514
442,6514,6514
452,6514,6514
462,6514,6514
472,6514,6514
482,6514,6514
492,6514,6514
502,6514,6514
512,6514,6514
522,6514,6514
532,6514,6514
542,6514,6514
552,6514,6514
562,6514,6514
564,6514,6514
572,6514,6514
582,6514,6514
592,6514,6514
602,6514,6514
612,6514,6514
622,6514,6514
632,6514,6514
642,6514,6514
652,6514,6514
662,6514,6514
672,6514,6514
682,6514,6514
692,6514,6514
100,6662,6662
138,6662,6662
138,6662,6662
138,6662,6662
142,6662,6662
152,6662,6662
162,6662,6662
172,6662,6662
182,6662,6662
192,6662,6662
202,6662,6662
212,6662,6662
222,6662,6662
232,6662,6662
242,6662,6662
252,6662,6662
262,6662,6662
272,6662,6662
282,6662,6662
292,6662,6662
302,6662,6662
312,6662,6662
322,6662,6662
332,6662,6662
342,6662,6662
352,6662,6662
362,6662,6662
372,6662,6662
382,6662,6662
392,6662,6662
402,6662,6662
412,6662,6662
422,6662,6662
432,6662,6662
442,6662,6662
452,6662,6662
462,6662,6662
472,6662,6662
482,6662,6662
492,6662,6662
502,6662,6662
512,6662,6662
522,6662,6662
532,6662,6662
542,6662,6662
552,6662,6662
562,6662,6662
572,6662,6662
582,6662,6662
592,6662,6662
602,6662,6662
612,6662,6662
622,6662,6662
632,6662,6662
642,6662,6662
652,6662,6662
662,6662,6662
672,6662,6662
682,6662,6662
692,6662,6662
100,6514,6514
138,6514,6514
138,6514,6514
138,6514,6514
142,6514,6514
152,6514,6514
162,6514,6514
172,6514,6514
182,6514,6514
192,6514,6514
202,6514,6514
212,6514,6514
222,6514,6514
232,6514,6514
242,6514,6514
252,6514,6514
262,6514,6514
272,6514,6514
282,6514,6514
292,6514,6514
302,6514,6514
312,6514,6514
322,6514,6514
332,6514,6514
342,6514,6514
352,6514,6514
362,6514,6514
372,6514,6514
382,6514,6514
392,6514,6514
402,6514,6514
412,6514,6514
422,6514,6514
432,6514,6514
442,6514,6514
452,6514,6514
462,6514,6514
472,6514,6514
482,6514,6514
492,6514,6514
502,6514,6514
512,6514,6514
522,6514,6514
532,6514,6514
542,6514,6514
552,6514,6514
562,6514,6514
572,6514,6514
582,6514,6514
592,6514,6514
602,6514,6514
612,6514,6514
622,6514,6514
632,6514,6514
642,6514,6514
652,6514,6514
662,6514,6514
672,6514,6514
682,6514,6514
692,6514,6514
138,6644,6644
138,6644,6644
138,6644,6644
142,6644,6644
152,6644,6644
162,6644,6644
172,6644,6644
182,6644,6644
192,6644,6644
202,6644,6644
212,6644,6644
222,6644,6644
232,6644,6644
242,6644,6644
252,6644,6644
262,6644,6644
272,6644,6644
282,6644,6644
292,6644,6644
302,6644,6644
312,6644,6644
322,6644,6644
332,6644,6644
342,6644,6644
352,6644,6644
362,6644,6644
372,6644,6644
382,6644,6644
392,6644,6644
402,6644,6644
412,6644,6644
422,6644,6644
432,6644,6644
442,6644,6644
452,6644,6644
462,6644,6644
472,6644,6644
482,6644,6644
492,6644,6644
502,6644,6644
512,6644,6644
522,6644,6644
532,6644,6644
542,6644,6644
552,6644,6644
562,6644,6644
572,6644,6644
582,6644,6644
592,6644,6644
602,6644,6644
612,6644,6644
622,6644,6644
632,6644,6644
642,6644,6644
652,6644,6644
662,6644,6644
672,6644,6644
682,6644,6644
692,6644,6644
702,6644,6644
138,6514,6514
138,6514,6514
138,6514,6514
142,6514,6514
152,6514,6514
162,6514,6514
172,6514,6514
182,6514,6514
192,6514,6514
202,6514,6514
212,6514,6514
222,6514,6514
232,6514,6514
242,6514,6514
252,6514,6514
262,6514,6514
272,6514,6514
282,6514,6514
292,6514,6514
302,6514,6514
312,6514,6514
322,6514,6514
332,6514,6514
342,6514,6514
352,6514,6514
362,6514,6514
372,6514,6514
382,6514,6514
392,6514,6514
402,6514,6514
412,6514,6514
422,6514,6514
432,6514,6514
442,6514,6514
452,6514,6514
462,6514,6514
472,6514,6514
482,6514,6514
492,6514,6514
502,6514,6514
512,6514,6514
522,6514,6514
532,6514,6514
542,6514,6514
552,6514,6514
562,6514,6514
572,6514,6514
582,6514,6514
592,6514,6514
602,6514,6514
612,6514,6514
622,6514,6514
632,6514,6514
642,6514,6514
652,6514,6514
662,6514,6514
672,6514,6514
682,6514,6514
692,6514,6514
100,6627,6627
138,6627,6627
138,6627,6627
138,6627,6627
142,6627,6627
152,6627,6627
162,6627,6627
172,6627,6627
182,6627,6627
192,6627,6627
202,6627,6627
212,6627,6627
222,6627,6627
232,6627,6627
242,6627,6627
252,6627,6627
262,6627,6627
272,6627,6627
282,6627,6627
292,6627,6627
302,6627,6627
312,6627,6627
322,6627,6627
332,6627,6627
342,6627,6627
352,6627,6627
362,6627,6627
372,6627,6627
382,6627,6627
392,6627,6627
402,6627,6627
412,6627,6627
422,6627,6627
432,6627,6627
442,6627,6627
452,6627,6627
462,6627,6627
472,6627,6627
482,6627,6627
492,6627,6627
502,6627,6627
512,6627,6627
522,6627,6627
532,6627,6627
542,6627,6627
552,6627,6627
562,6627,6627
572,6627,6627
582,6627,6627
592,6627,6627
602,6627,6627
612,6627,6627
622,6627,6627
632,6627,6627
642,6627,6627
652,6627,6627
662,6627,6627
672,6627,6627
682,6627,6627
692,6627,6627
138,6514,6514
138,6514,6514
138,6514,6514
142,6514,6514
152,6514,6514
162,6514,6514
172,6514,6514
182,6514,6514
192,6514,6514
202,6514,6514
212,6514,6514
222,6514,6514
232,6514,6514
242,6514,6514
252,6514,6514
262,6514,6514
272,6514,6514
282,6514,6514
292,6514,6514
302,6514,6514
302,6514,6514
312,6514,6514
322,6514,6514
332,6514,6514
342,6514,6514
352,6514,6514
362,6514,6514
372,6514,6514
382,6514,6514
392,6514,6514
402,6514,6514
412,6514,6514
422,6514,6514
432,6514,6514
442,6514,6514
452,6514,6514
462,6514,6514
472,6514,6514
482,6514,6514
492,6514,6514
502,6514,6514
512,6514,6514
522,6514,6514
532,6514,6514
542,6514,6514
552,6514,6514
562,6514,6514
572,6514,6514
582,6514,6514
592,6514,6514
602,6514,6514
612,6514,6514
622,6514,6514
632,6514,6514
642,6514,6514
652,6514,6514
662,6514,6514
672,6514,6514
682,6514,6514
692,6514,6514
100,6612,6612
138,6612,6612
138,6612,6612
138,6612,6612
142,6612,6612
152,6612,6612
162,6612,6612
172,6612,6612
182,6612,6612
192,6612,6612
202,6612,6612
212,6612,6612
222,6612,6612
232,6612,6612
242,6612,6612
252,6612,6612
262,6612,6612
272,6612,6612
282,6612,6612
292,6612,6612
302,6612,6612
312,6612,6612
322,6612,6612
332,6612,6612
342,6612,6612
352,6612,6612
362,6612,6612
372,6612,6612
382,6612,6612
392,6612,6612
402,6612,6612
412,6612,6612
422,6612,6612
432,6612,6612
442,6612,6612
452,6612,6612
462,6612,6612
472,6612,6612
482,6612,6612
492,6612,6612
502,6612,6612
512,6612,6612
522,6612,6612
532,6612,6612
542,6612,6612
552,6612,6612
562,6612,6612
572,6612,6612
582,6612,6612
592,6612,6612
602,6612,6612
612,6612,6612
622,6612,6612
632,6612,6612
642,6612,6612
652,6612,6612
662,6612,6612
672,6612,6612
682,6612,6612
692,6612,6612
100,6514,6514
138,6514,6514
138,6514,6514
138,6514,6514
142,6514,6514
152,6514,6514
162,6514,6514
172,6514,6514
182,6514,6514
192,6514,6514
202,6514,6514
212,6514,6514
222,6514,6514
232,6514,6514
242,6514,6514
252,6514,6514
262,6514,6514
272,6514,6514
282,6514,6514
292,6514,6514
302,6514,6514
312,6514,6514
322,6514,6514
332,6514,6514
342,6514,6514
352,6514,6514
362,6514,6514
372,6514,6514
382,6514,6514
392,6514,6514
402,6514,6514
412,6514,6514
422,6514,6514
432,6514,6514
442,6514,6514
452,6514,6514
462,6514,6514
472,6514,6514
482,6514,6514
492,6514,6514
502,6514,6514
512,6514,6514
522,6514,6514
532,6514,6514
542,6514,6514
552,6514,6514
562,6514,6514
572,6514,6514
582,6514,6514
592,6514,6514
602,6514,6514
612,6514,6514
622,6514,6514
632,6514,6514
642,6514,6514
652,6514,6514
662,6514,6514
672,6514,6514
682,6514,6514
692,6514,6514
138,6599,6599
138,6599,6599
138,6599,6599
142,6599,6599
152,6599,6599
162,6599,6599
172,6599,6599
182,6599,6599
192,6599,6599
202,6599,6599
212,6599,6599
222,6599,6599
232,6599,6599
242,6599,6599
252,6599,6599
262,6599,6599
272,6599,6599
282,6599,6599
292,6599,6599
302,6599,6599
312,6599,6599
322,6599,6599
332,6599,6599
342,6599,6599
352,6599,6599
362,6599,6599
372,6599,6599
382,6599,6599
392,6599,6599
402,6599,6599
412,6599,6599
422,6599,6599
432,6599,6599
442,6599,6599
452,6599,6599
462,6599,6599
472,6599,6599
482,6599,6599
492,6599,6599
502,6599,6599
512,6599,6599
522,6599,6599
532,6599,6599
542,6599,6599
552,6599,6599
562,6599,6599
572,6599,6599
582,6599,6599
592,6599,6599
602,6599,6599
612,6599,6599
622,6599,6599
632,6599,6599
642,6599,6599
652,6599,6599
662,6599,6599
672,6599,6599
682,6599,6599
692,6599,6599
100,6514,6514
138,6514,6514
138,6514,6514
138,6514,6514
142,6514,6514
152,6514,6514
162,6514,6514
172,6514,6514
182,6514,6514
192,6514,6514
202,6514,6514
212,6514,6514
222,6514,6514
232,6514,6514
242,6514,6514
252,6514,6514
262,6514,6514
272,6514,6514
282,6514,6514
292,6514,6514
302,6514,6514
312,6514,6514
322,6514,6514
332,6514,6514
342,6514,6514
352,6514,6514
362,6514,6514
372,6514,6514
382,6514,6514
392,6514,6514
402,6514,6514
412,6514,6514
422,6514,6514
432,6514,6514
442,6514,6514
452,6514,6514
462,6514,6514
472,6514,6514
482,6514,6514
492,6514,6514
502,6514,6514
512,6514,6514
522,6514,6514
532,6514,6514
542,6514,6514
552,6514,6514
562,6514,6514
572,6514,6514
582,6514,6514
592,6514,6514
602,6514,6514
612,6514,6514
622,6514,6514
632,6514,6514
642,6514,6514
652,6514,6514
662,6514,6514
672,6514,6514
682,6514,6514
692,6514,6514
100,6586,6586
138,6586,6586
138,6586,6586
138,6586,6586
142,6586,6586
152,6586,6586
162,6586,6586
172,6586,6586
182,6586,6586
192,6586,6586
202,6586,6586
212,6586,6586
222,6586,6586
232,6586,6586
242,6586,6586
252,6586,6586
262,6586,6586
272,6586,6586
282,6586,6586
292,6586,6586
302,6586,6586
312,6586,6586
322,6586,6586
332,6586,6586
342,6586,6586
352,6586,6586
362,6586,6586
372,6586,6586
382,6586,6586
392,6586,6586
402,6586,6586
412,6586,6586
422,6586,6586
432,6586,6586
442,6586,6586
452,6586,6586
462,6586,6586
472,6586,6586
482,6586,6586
492,6586,6586
502,6586,6586
512,6586,6586
522,6586,6586
532,6586,6586
542,6586,6586
552,6586,6586
562,6586,6586
572,6586,6586
582,6586,6586
592,6586,6586
602,6586,6586
612,6586,6586
622,6586,6586
632,6586,6586
642,6586,6586
652,6586,6586
662,6586,6586
672,6586,6586
682,6586,6586
692,6586,6586
138,6514,6514
138,6514,6514
138,6514,6514
142,6514,6514
152,6514,6514
162,6514,6514
172,6514,6514
182,6514,6514
192,6514,6514
202,6514,6514
212,6514,6514
222,6514,6514
232,6514,6514
242,6514,6514
252,6514,6514
262,6514,6514
272,6514,6514
282,6514,6514
292,6514,6514
302,6514,6514
312,6514,6514
322,6514,6514
332,6514,6514
342,6514,6514
352,6514,6514
362,6514,6514
372,6514,6514
382,6514,6514
392,6514,6514
402,6514,6514
412,6514,6514
422,6514,6514
432,6514,6514
442,6514,6514
452,6514,6514
462,6514,6514
472,6514,6514
482,6514,6514
492,6514,6514
502,6514,6514
512,6514,6514
522,6514,6514
532,6514,6514
542,6514,6514
552,6514,6514
562,6514,6514
572,6514,6514
582,6514,6514
592,6514,6514
602,6514,6514
602,6514,6514
612,6514,6514
622,6514,6514
632,6514,6514
642,6514,6514
652,6514,6514
662,6514,6514
672,6514,6514
682,6514,6514
692,6514,6514
100,6576,6576
138,6576,6576
138,6576,6576
138,6576,6576
142,6576,6576
152,6576,6576
162,6576,6576
172,6576,6576
182,6576,6576
192,6576,6576
202,6576,6576
212,6576,6576
222,6576,6576
232,6576,6576
242,6576,6576
252,6576,6576
262,6576,6576
272,6576,6576
282,6576,6576
292,6576,6576
302,6576,6576
312,6576,6576
322,6576,6576
332,6576,6576
342,6576,6576
352,6576,6576
362,6576,6576
372,6576,6576
382,6576,6576
392,6576,6576
402,6576,6576
412,6576,6576
422,6576,6576
432,6576,6576
442,6576,6576
452,6576,6576
462,6576,6576
472,6576,6576
482,6576,6576
492,6576,6576
502,6576,6576
512,6576,6576
522,6576,6576
532,6576,6576
542,6576,6576
552,6576,6576
562,6576,6576
572,6576,6576
582,6576,6576
592,6576,6576
602,6576,6576
612,6576,6576
622,6576,6576
632,6576,6576
642,6576,6576
652,6576,6576
662,6576,6576
672,6576,6576
682,6576,6576
692,6576,6576
138,6514,6514
138,6514,6514
138,6514,6514
142,6514,6514
152,6514,6514
162,6514,6514
172,6514,6514
182,6514,6514
192,6514,6514
202,6514,6514
212,6514,6514
222,6514,6514
232,6514,6514
242,6514,6514
252,6514,6514
262,6514,6514
272,6514,6514
282,6514,6514
292,6514,6514
302,6514,6514
312,6514,6514
322,6514,6514
332,6514,6514
342,6514,6514
352,6514,6514
362,6514,6514
372,6514,6514
382,6514,6514
392,6514,6514
402,6514,6514
412,6514,6514
422,6514,6514
432,6514,6514
442,6514,6514
452,6514,6514
462,6514,6514
472,6514,6514
482,6514,6514
492,6514,6514
502,6514,6514
512,6514,6514
522,6514,6514
532,6514,6514
542,6514,6514
552,6514,6514
562,6514,6514
572,6514,6514
582,6514,6514
592,6514,6514
602,6514,6514
612,6514,6514
622,6514,6514
632,6514,6514
642,6514,6514
652,6514,6514
662,6514,6514
672,6514,6514
682,6514,6514
692,6514,6514
100,6567,6567
138,6567,6567
138,6567,6567
138,6567,6567
142,6567,6567
152,6567,6567
162,6567,6567
172,6567,6567
182,6567,6567
192,6567,6567
202,6567,6567
212,6567,6567
222,6567,6567
232,6567,6567
242,6567,6567
252,6567,6567
262,6567,6567
272,6567,6567
282,6567,6567
292,6567,6567
302,6567,6567
312,6567,6567
322,6567,6567
332,6567,6567
342,6567,6567
352,6567,6567
362,6567,6567
372,6567,6567
382,6567,6567
392,6567,6567
402,6567,6567
412,6567,6567
422,6567,6567
432,6567,6567
442,6567,6567
452,6567,6567
462,6567,6567
472,6567,6567
482,6567,6567
492,6567,6567
502,6567,6567
512,6567,6567
522,6567,6567
532,6567,6567
542,6567,6567
552,6567,6567
562,6567,6567
572,6567,6567
582,6567,6567
592,6567,6567
602,6567,6567
612,6567,6567
622,6567,6567
632,6567,6567
642,6567,6567
652,6567,6567
662,6567,6567
672,6567,6567
682,6567,6567
692,6567,6567
100,6514,6514
138,6514,6514
138,6514,6514
138,6514,6514
142,6514,6514
152,6514,6514
162,6514,6514
172,6514,6514
182,6514,6514
192,6514,6514
202,6514,6514
212,6514,6514
222,6514,6514
232,6514,6514
242,6514,6514
252,6514,6514
262,6514,6514
272,6514,6514
282,6514,6514
292,6514,6514
302,6514,6514
312,6514,6514
322,6514,6514
332,6514,6514
342,6514,6514
352,6514,6514
362,6514,6514
372,6514,6514
382,6514,6514
392,6514,6514
402,6514,6514
412,6514,6514
422,6514,6514
432,6514,6514
442,6514,6514
452,6514,6514
462,6514,6514
472,6514,6514
482,6514,6514
492,6514,6514
502,6514,6514
512,6514,6514
522,6514,6514
532,6514,6514
542,6514,6514
552,6514,6514
562,6514,6514
572,6514,6514
582,6514,6514
592,6514,6514
602,6514,6514
612,6514,6514
622,6514,6514
632,6514,6514
642,6514,6514
652,6514,6514
662,6514,6514
672,6514,6514
682,6514,6514
692,6514,6514
138,6559,6559
138,6559,6559
138,6559,6559
142,6559,6559
152,6559,6559
162,6559,6559
172,6559,6559
182,6559,6559
192,6559,6559
202,6559,6559
212,6559,6559
222,6559,6559
232,6559,6559
242,6559,6559
252,6559,6559
262,6559,6559
272,6559,6559
282,6559,6559
292,6559,6559
302,6559,6559
312,6559,6559
322,6559,6559
332,6559,6559
342,6559,6559
352,6559,6559
362,6559,6559
372,6559,6559
382,6559,6559
392,6559,6559
402,6559,6559
412,6559,6559
422,6559,6559
432,6559,6559
442,6559,6559
452,6559,6559
462,6559,6559
472,6559,6559
482,6559,6559
492,6559,6559
502,6559,6559
512,6559,6559
522,6559,6559
532,6559,6559
542,6559,6559
552,6559,6559
562,6559,6559
572,6559,6559
582,6559,6559
592,6559,6559
602,6559,6559
612,6559,6559
622,6559,6559
632,6559,6559
642,6559,6559
652,6559,6559
662,6559,6559
672,6559,6559
682,6559,6559
692,6559,6559
702,6559,6559
138,6514,6514
138,6514,6514
138,6514,6514
142,6514,6514
152,6514,6514
162,6514,6514
162,6514,6514
172,6514,6514
182,6514,6514
192,6514,6514
202,6514,6514
212,6514,6514
222,6514,6514
232,6514,6514
242,6514,6514
252,6514,6514
262,6514,6514
272,6514,6514
282,6514,6514
292,6514,6514
302,6514,6514
312,6514,6514
322,6514,6514
332,6514,6514
342,6514,6514
352,6514,6514
362,6514,6514
372,6514,6514
382,6514,6514
392,6514,6514
402,6514,6514
412,6514,6514
422,6514,6514
432,6514,6514
442,6514,6514
452,6514,6514
462,6514,6514
472,6514,6514
482,6514,6514
492,6514,6514
502,6514,6514
512,6514,6514
522,6514,6514
532,6514,6514
542,6514,6514
552,6514,6514
562,6514,6514
572,6514,6514
582,6514,6514
592,6514,6514
602,6514,6514
612,6514,6514
622,6514,6514
632,6514,6514
642,6514,6514
652,6514,6514
662,6514,6514
672,6514,6514
682,6514,6514
692,6514,6514
100,6553,6553
138,6553,6553
138,6553,6553
138,6553,6553
142,6553,6553
152,6553,6553
162,6553,6553
172,6553,6553
182,6553,6553
192,6553,6553
202,6553,6553
212,6553,6553
222,6553,6553
232,6553,6553
242,6553,6553
252,6553,6553
262,6553,6553
272,6553,6553
282,6553,6553
292,6553,6553
302,6553,6553
312,6553,6553
322,6553,6553
332,6553,6553
342,6553,6553
352,6553,6553
362,6553,6553
372,6553,6553
382,6553,6553
392,6553,6553
402,6553,6553
412,6553,6553
422,6553,6553
432,6553,6553
442,6553,6553
452,6553,6553
462,6553,6553
472,6553,6553
482,6553,6553
492,6553,6553
502,6553,6553
512,6553,6553
522,6553,6553
532,6553,6553
542,6553,6553
552,6553,6553
562,6553,6553
572,6553,6553
582,6553,6553
592,6553,6553
602,6553,6553
612,6553,6553
622,6553,6553
632,6553,6553
642,6553,6553
652,6553,6553
662,6553,6553
672,6553,6553
682,6553,6553
692,6553,6553
138,6514,6514
138,6514,6514
138,6514,6514
142,6514,6514
152,6514,6514
162,6514,6514
172,6514,6514
182,6514,6514
192,6514,6514
202,6514,6514
212,6514,6514
222,6514,6514
232,6514,6514
242,6514,6514
252,6514,6514
262,6514,6514
272,6514,6514
282,6514,6514
292,6514,6514
302,6514,6514
312,6514,6514
322,6514,6514
332,6514,6514
342,6514,6514
352,6514,6514
362,6514,6514
372,6514,6514
382,6514,6514
392,6514,6514
402,6514,6514
412,6514,6514
422,6514,6514
432,6514,6514
442,6514,6514
452,6514,6514
462,6514,6514
472,6514,6514
482,6514,6514
492,6514,6514
502,6514,6514
512,6514,6514
522,6514,6514
532,6514,6514
542,6514,6514
552,6514,6514
562,6514,6514
572,6514,6514
582,6514,6514
592,6514,6514
602,6514,6514
612,6514,6514
622,6514,6514
632,6514,6514
642,6514,6514
652,6514,6514
662,6514,6514
672,6514,6514
682,6514,6514
692,6514,6514
100,6547,6547
138,6547,6547
138,6547,6547
138,6547,6547
142,6547,6547
152,6547,6547
162,6547,6547
172,6547,6547
182,6547,6547
192,6547,6547
202,6547,6547
212,6547,6547
222,6547,6547
232,6547,6547
242,6547,6547
252,6547,6547
262,6547,6547
272,6547,6547
282,6547,6547
292,6547,6547
302,6547,6547
312,6547,6547
322,6547,6547
332,6547,6547
342,6547,6547
352,6547,6547
362,6547,6547
372,6547,6547
382,6547,6547
392,6547,6547
402,6547,6547
412,6547,6547
422,6547,6547
432,6547,6547
442,6547,6547
452,6547,6547
462,6547,6547
472,6547,6547
482,6547,6547
492,6547,6547
502,6547,6547
512,6547,6547
522,6547,6547
532,6547,6547
542,6547,6547
552,6547,6547
562,6547,6547
572,6547,6547
582,6547,6547
592,6547,6547
602,6547,6547
612,6547,6547
622,6547,6547
632,6547,6547
642,6547,6547
652,6547,6547
662,6547,6547
672,6547,6547
682,6547,6547
692,6547,6547
100,6514,6514
138,6514,6514
138,6514,6514
138,6514,6514
142,6514,6514
152,6514,6514
162,6514,6514
172,6514,6514
182,6514,6514
192,6514,6514
202,6514,6514
212,6514,6514
222,6514,6514
232,6514,6514
242,6514,6514
252,6514,6514
262,6514,6514
272,6514,6514
282,6514,6514
292,6514,6514
302,6514,6514
312,6514,6514
322,6514,6514
332,6514,6514
342,6514,6514
352,6514,6514
362,6514,6514
372,6514,6514
382,6514,6514
392,6514,6514
402,6514,6514
412,6514,6514
422,6514,6514
432,6514,6514
442,6514,6514
452,6514,6514
462,6514,6514
472,6514,6514
482,6514,6514
492,6514,6514
502,6514,6514
512,6514,6514
522,6514,6514
532,6514,6514
542,6514,6514
552,6514,6514
562,6514,6514
572,6514,6514
582,6514,6514
592,6514,6514
602,6514,6514
612,6514,6514
622,6514,6514
632,6514,6514
642,6514,6514
652,6514,6514
662,6514,6514
672,6514,6514
682,6514,6514
692,6514,6514
138,6542,6542
138,6542,6542
138,6542,6542
142,6542,6542
152,6542,6542
162,6542,6542
172,6542,6542
182,6542,6542
192,6542,6542
202,6542,6542
212,6542,6542
222,6542,6542
232,6542,6542
242,6542,6542
252,6542,6542
262,6542,6542
272,6542,6542
282,6542,6542
292,6542,6542
302,6542,6542
312,6542,6542
322,6542,6542
332,6542,6542
342,6542,6542
352,6542,6542
362,6542,6542
372,6542,6542
382,6542,6542
392,6542,6542
402,6542,6542
412,6542,6542
422,6542,6542
432,6542,6542
442,6542,6542
452,6542,6542
462,6542,6542
472,6542,6542
482,6542,6542
492,6542,6542
502,6542,6542
512,6542,6542
522,6542,6542
532,6542,6542
542,6542,6542
552,6542,6542
562,6542,6542
572,6542,6542
582,6542,6542
592,6542,6542
602,6542,6542
612,6542,6542
622,6542,6542
632,6542,6542
642,6542,6542
652,6542,6542
662,6542,6542
672,6542,6542
682,6542,6542
692,6542,6542
702,6542,6542
138,6514,6514
138,6514,6514
138,6514,6514
142,6514,6514
152,6514,6514
162,6514,6514
172,6514,6514
182,6514,6514
192,6514,6514
202,6514,6514
212,6514,6514
222,6514,6514
232,6514,6514
242,6514,6514
252,6514,6514
262,6514,6514
272,6514,6514
282,6514,6514
292,6514,6514
302,6514,6514
312,6514,6514
322,6514,6514
332,6514,6514
342,6514,6514
352,6514,6514
362,6514,6514
372,6514,6514
382,6514,6514
392,6514,6514
402,6514,6514
402,6514,6514
412,6514,6514
422,6514,6514
432,6514,6514
442,6514,6514
452,6514,6514
462,6514,6514
472,6514,6514
482,6514,6514
492,6514,6514
502,6514,6514
512,6514,6514
522,6514,6514
532,6514,6514
542,6514,6514
552,6514,6514
562,6514,6514
572,6514,6514
582,6514,6514
592,6514,6514
602,6514,6514
612,6514,6514
622,6514,6514
632,6514,6514
642,6514,6514
652,6514,6514
662,6514,6514
672,6514,6514
682,6514,6514
692,6514,6514
100,6537,6537
138,6537,6537
138,6537,6537
138,6537,6537
142,6537,6537
152,6537,6537
162,6537,6537
172,6537,6537
182,6537,6537
192,6537,6537
202,6537,6537
212,6537,6537
222,6537,6537
232,6537,6537
242,6537,6537
252,6537,6537
262,6537,6537
272,6537,6537
282,6537,6537
292,6537,6537
302,6537,6537
312,6537,6537
322,6537,6537
332,6537,6537
342,6537,6537
352,6537,6537
362,6537,6537
372,6537,6537
382,6537,6537
392,6537,6537
402,6537,6537
412,6537,6537
422,6537,6537
432,6537,6537
442,6537,6537
452,6537,6537
462,6537,6537
472,6537,6537
482,6537,6537
492,6537,6537
502,6537,6537
512,6537,6537
522,6537,6537
532,6537,6537
542,6537,6537
552,6537,6537
562,6537,6537
572,6537,6537
582,6537,6537
592,6537,6537
602,6537,6537
612,6537,6537
622,6537,6537
632,6537,6537
642,6537,6537
652,6537,6537
662,6537,6537
672,6537,6537
682,6537,6537
100,6514,6514
138,6514,6514
138,6514,6514
138,6514,6514
142,6514,6514
152,6514,6514
162,6514,6514
172,6514,6514
182,6514,6514
192,6514,6514
202,6514,6514
212,6514,6514
222,6514,6514
232,6514,6514
242,6514,6514
252,6514,6514
262,6514,6514
272,6514,6514
282,6514,6514
292,6514,6514
302,6514,6514
312,6514,6514
322,6514,6514
332,6514,6514
342,6514,6514
352,6514,6514
362,6514,6514
372,6514,6514
382,6514,6514
392,6514,6514
402,6514,6514
412,6514,6514
422,6514,6514
432,6514,6514
442,6514,6514
452,6514,6514
462,6514,6514
472,6514,6514
482,6514,6514
492,6514,6514
502,6514,6514
512,6514,6514
522,6514,6514
532,6514,6514
542,6514,6514
552,6514,6514
562,6514,6514
572,6514,6514
582,6514,6514
592,6514,6514
602,6514,6514
612,6514,6514
622,6514,6514
632,6514,6514
642,6514,6514
652,6514,6514
662,6514,6514
672,6514,6514
682,6514,6514
692,6514,6514
100,6533,6533
138,6533,6533
138,6533,6533
138,6533,6533
142,6533,6533
152,6533,6533
162,6533,6533
172,6533,6533
182,6533,6533
192,6533,6533
202,6533,6533
212,6533,6533
222,6533,6533
232,6533,6533
242,6533,6533
252,6533,6533
262,6533,6533
272,6533,6533
282,6533,6533
292,6533,6533
302,6533,6533
312,6533,6533
322,6533,6533
332,6533,6533
342,6533,6533
352,6533,6533
362,6533,6533
372,6533,6533
382,6533,6533
392,6533,6533
402,6533,6533
412,6533,6533
422,6533,6533
432,6533,6533
442,6533,6533
452,6533,6533
462,6533,6533
472,6533,6533
482,6533,6533
492,6533,6533
502,6533,6533
512,6533,6533
522,6533,6533
532,6533,6533
542,6533,6533
552,6533,6533
562,6533,6533
572,6533,6533
582,6533,6533
592,6533,6533
602,6533,6533
612,6533,6533
622,6533,6533
632,6533,6533
642,6533,6533
652,6533,6533
662,6533,6533
672,6533,6533
682,6533,6533
692,6533,6533
100,6514,6514
138,6514,6514
138,6514,6514
138,6514,6514
142,6514,6514
152,6514,6514
162,6514,6514
172,6514,6514
182,6514,6514
192,6514,6514
202,6514,6514
212,6514,6514
222,6514,6514
232,6514,6514
242,6514,6514
252,6514,6514
262,6514,6514
272,6514,6514
282,6514,6514
292,6514,6514
302,6514,6514
312,6514,6514
322,6514,6514
332,6514,6514
342,6514,6514
352,6514,6514
362,6514,6514
372,6514,6514
382,6514,6514
392,6514,6514
402,6514,6514
412,6514,6514
422,6514,6514
432,6514,6514
442,6514,6514
452,6514,6514
462,6514,6514
472,6514,6514
482,6514,6514
492,6514,6514
502,6514,6514
512,6514,6514
522,6514,6514
532,6514,6514
542,6514,6514
552,6514,6514
562,6514,6514
572,6514,6514
582,6514,6514
592,6514,6514
602,6514,6514
612,6514,6514
622,6514,6514
632,6514,6514
642,6514,6514
652,6514,6514
662,6514,6514
672,6514,6514
682,6514,6514
692,6514,6514
138,6530,6530
138,6530,6530
138,6530,6530
142,6530,6530
152,6530,6530
162,6530,6530
172,6530,6530
182,6530,6530
192,6530,6530
202,6530,6530
212,6530,6530
222,6530,6530
232,6530,6530
242,6530,6530
252,6530,6530
262,6530,6530
272,6530,6530
282,6530,6530
292,6530,6530
302,6530,6530
312,6530,6530
322,6530,6530
332,6530,6530
342,6530,6530
352,6530,6530
362,6530,6530
372,6530,6530
382,6530,6530
392,6530,6530
402,6530,6530
412,6530,6530
422,6530,6530
432,6530,6530
442,6530,6530
452,6530,6530
462,6530,6530
472,6530,6530
482,6530,6530
492,6530,6530
502,6530,6530
512,6530,6530
522,6530,6530
532,6530,6530
542,6530,6530
552,6530,6530
562,6530,6530
572,6530,6530
582,6530,6530
592,6530,6530
602,6530,6530
612,6530,6530
622,6530,6530
632,6530,6530
642,6530,6530
652,6530,6530
662,6530,6530
672,6530,6530
682,6530,6530
692,6530,6530
702,6530,6530
138,6514,6514
138,6514,6514
138,6514,6514
142,6514,6514
152,6514,6514
162,6514,6514
172,6514,6514
182,6514,6514
192,6514,6514
202,6514,6514
212,6514,6514
222,6514,6514
232,6514,6514
242,6514,6514
252,6514,6514
262,6514,6514
272,6514,6514
282,6514,6514
292,6514,6514
302,6514,6514
312,6514,6514
322,6514,6514
332,6514,6514
342,6514,6514
352,6514,6514
362,6514,6514
372,6514,6514
382,6514,6514
392,6514,6514
402,6514,6514
412,6514,6514
422,6514,6514
432,6514,6514
442,6514,6514
452,6514,6514
462,6514,6514
472,6514,6514
482,6514,6514
492,6514,6514
502,6514,6514
512,6514,6514
522,6514,6514
532,6514,6514
542,6514,6514
552,6514,6514
562,6514,6514
572,6514,6514
582,6514,6514
592,6514,6514
602,6514,6514
612,6514,6514
622,6514,6514
632,6514,6514
642,6514,6514
652,6514,6514
662,6514,6514
672,6514,6514
682,6514,6514
692,6514,6514
100,6528,6528
138,6528,6528
138,6528,6528
138,6528,6528
142,6528,6528
152,6528,6528
162,6528,6528
172,6528,6528
182,6528,6528
192,6528,6528
202,6528,6528
212,6528,6528
222,6528,6528
232,6528,6528
242,6528,6528
252,6528,6528
262,6528,6528
272,6528,6528
282,6528,6528
292,6528,6528
302,6528,6528
312,6528,6528
322,6528,6528
332,6528,6528
342,6528,6528
352,6528,6528
362,6528,6528
372,6528,6528
382,6528,6528
392,6528,6528
402,6528,6528
412,6528,6528
422,6528,6528
432,6528,6528
442,6528,6528
452,6528,6528
462,6528,6528
472,6528,6528
482,6528,6528
492,6528,6528
492,6528,6528
502,6528,6528
512,6528,6528
522,6528,6528
532,6528,6528
542,6528,6528
552,6528,6528
562,6528,6528
572,6528,6528
582,6528,6528
592,6528,6528
602,6528,6528
612,6528,6528
622,6528,6528
632,6528,6528
642,6528,6528
652,6528,6528
662,6528,6528
672,6528,6528
682,6528,6528
100,6514,6514
138,6514,6514
138,6514,6514
138,6514,6514
142,6514,6514
152,6514,6514
162,6514,6514
172,6514,6514
182,6514,6514
192,6514,6514
202,6514,6514
212,6514,6514
222,6514,6514
232,6514,6514
242,6514,6514
252,6514,6514
262,6514,6514
272,6514,6514
282,6514,6514
292,6514,6514
302,6514,6514
312,6514,6514
322,6514,6514
332,6514,6514
342,6514,6514
352,6514,6514
362,6514,6514
372,6514,6514
382,6514,6514
392,6514,6514
402,6514,6514
412,6514,6514
422,6514,6514
432,6514,6514
442,6514,6514
452,6514,6514
462,6514,6514
472,6514,6514
482,6514,6514
492,6514,6514
502,6514,6514
512,6514,6514
522,6514,6514
532,6514,6514
542,6514,6514
552,6514,6514
562,6514,6514
572,6514,6514
582,6514,6514
592,6514,6514
602,6514,6514
612,6514,6514
622,6514,6514
632,6514,6514
642,6514,6514
652,6514,6514
662,6514,6514
672,6514,6514
682,6514,6514
692,6514,6514
100,6526,6526
138,6526,6526
138,6526,6526
138,6526,6526
142,6526,6526
152,6526,6526
162,6526,6526
172,6526,6526
182,6526,6526
192,6526,6526
202,6526,6526
212,6526,6526
222,6526,6526
232,6526,6526
242,6526,6526
252,6526,6526
262,6526,6526
272,6526,6526
282,6526,6526
292,6526,6526
302,6526,6526
312,6526,6526
322,6526,6526
332,6526,6526
342,6526,6526
352,6526,6526
362,6526,6526
372,6526,6526
382,6526,6526
392,6526,6526
402,6526,6526
412,6526,6526
422,6526,6526
432,6526,6526
442,6526,6526
452,6526,6526
462,6526,6526
472,6526,6526
482,6526,6526
492,6526,6526
502,6526,6526
512,6526,6526
522,6526,6526
532,6526,6526
542,6526,6526
552,6526,6526
562,6526,6526
572,6526,6526
582,6526,6526
592,6526,6526
602,6526,6526
612,6526,6526
622,6526,6526
632,6526,6526
642,6526,6526
652,6526,6526
662,6526,6526
672,6526,6526
682,6526,6526
692,6526,6526
100,6514,6514
138,6514,6514
138,6514,6514
138,6514,6514
142,6514,6514
152,6514,6514
162,6514,6514
172,6514,6514
182,6514,6514
192,6514,6514
202,6514,6514
212,6514,6514
222,6514,6514
232,6514,6514
242,6514,6514
252,6514,6514
262,6514,6514
272,6514,6514
282,6514,6514
292,6514,6514
302,6514,6514
312,6514,6514
322,6514,6514
332,6514,6514
342,6514,6514
352,6514,6514
362,6514,6514
372,6514,6514
382,6514,6514
392,6514,6514
402,6514,6514
412,6514,6514
422,6514,6514
432,6514,6514
442,6514,6514
452,6514,6514
462,6514,6514
472,6514,6514
482,6514,6514
492,6514,6514
502,6514,6514
512,6514,6514
522,6514,6514
532,6514,6514
542,6514,6514
552,6514,6514
562,6514,6514
572,6514,6514
582,6514,6514
592,6514,6514
602,6514,6514
612,6514,6514
622,6514,6514
632,6514,6514
642,6514,6514
652,6514,6514
662,6514,6514
672,6514,6514
682,6514,6514
692,6514,6514
138,6524,6524
138,6524,6524
138,6524,6524
142,6524,6524
152,6524,6524
162,6524,6524
172,6524,6524
182,6524,6524
192,6524,6524
202,6524,6524
212,6524,6524
222,6524,6524
232,6524,6524
242,6524,6524
252,6524,6524
262,6524,6524
272,6524,6524
282,6524,6524
292,6524,6524
302,6524,6524
312,6524,6524
322,6524,6524
332,6524,6524
342,6524,6524
352,6524,6524
362,6524,6524
372,6524,6524
382,6524,6524
392,6524,6524
402,6524,6524
412,6524,6524
422,6524,6524
432,6524,6524
442,6524,6524
452,6524,6524
462,6524,6524
472,6524,6524
482,6524,6524
492,6524,6524
502,6524,6524
512,6524,6524
522,6524,6524
532,6524,6524
542,6524,6524
552,6524,6524
562,6524,6524
572,6524,6524
582,6524,6524
592,6524,6524
602,6524,6524
612,6524,6524
622,6524,6524
632,6524,6524
642,6524,6524
652,6524,6524
662,6524,6524
672,6524,6524
682,6524,6524
692,6524,6524
702,6524,6524
138,6514,6514
138,6514,6514
138,6514,6514
142,6514,6514
152,6514,6514
162,6514,6514
172,6514,6514
182,6514,6514
192,6514,6514
202,6514,6514
212,6514,6514
222,6514,6514
232,6514,6514
242,6514,6514
252,6514,6514
262,6514,6514
272,6514,6514
282,6514,6514
292,6514,6514
302,6514,6514
312,6514,6514
322,6514,6514
332,6514,6514
342,6514,6514
352,6514,6514
362,6514,6514
372,6514,6514
382,6514,6514
392,6514,6514
402,6514,6514
412,6514,6514
422,6514,6514
432,6514,6514
442,6514,6514
452,6514,6514
462,6514,6514
472,6514,6514
482,6514,6514
492,6514,6514
502,6514,6514
512,6514,6514
522,6514,6514
532,6514,6514
542,6514,6514
552,6514,6514
562,6514,6514
572,6514,6514
582,6514,6514
592,6514,6514
602,6514,6514
612,6514,6514
622,6514,6514
632,6514,6514
642,6514,6514
652,6514,6514
662,6514,6514
672,6514,6514
682,6514,6514
692,6514,6514
100,6522,6522
138,6522,6522
138,6522,6522
138,6522,6522
142,6522,6522
152,6522,6522
162,6522,6522
172,6522,6522
182,6522,6522
192,6522,6522
202,6522,6522
212,6522,6522
222,6522,6522
232,6522,6522
242,6522,6522
252,6522,6522
262,6522,6522
272,6522,6522
282,6522,6522
292,6522,6522
302,6522,6522
312,6522,6522
322,6522,6522
332,6522,6522
342,6522,6522
352,6522,6522
362,6522,6522
372,6522,6522
382,6522,6522
392,6522,6522
402,6522,6522
412,6522,6522
422,6522,6522
432,6522,6522
442,6522,6522
452,6522,6522
462,6522,6522
472,6522,6522
482,6522,6522
492,6522,6522
502,6522,6522
512,6522,6522
522,6522,6522
532,6522,6522
542,6522,6522
552,6522,6522
562,6522,6522
572,6522,6522
582,6522,6522
592,6522,6522
602,6522,6522
612,6522,6522
622,6522,6522
632,6522,6522
642,6522,6522
652,6522,6522
662,6522,6522
672,6522,6522
682,6522,6522
692,6522,6522
138,6514,6514
138,6514,6514
138,6514,6514
142,6514,6514
148,6514,6514
152,6514,6514
162,6514,6514
174,6514,6514
182,6514,6514
192,6514,6514
202,6514,6514
212,6514,6514
222,6514,6514
232,6514,6514
242,6514,6514
252,6514,6514
262,6514,6514
272,6514,6514
282,6514,6514
292,6514,6514
302,6514,6514
312,6514,6514
322,6514,6514
332,6514,6514
342,6514,6514
352,6514,6514
362,6514,6514
372,6514,6514
382,6514,6514
392,6514,6514
402,6514,6514
412,6514,6514
422,6514,6514
432,6514,6514
442,6514,6514
452,6514,6514
462,6514,6514
472,6514,6514
482,6514,6514
492,6514,6514
502,6514,6514
512,6514,6514
522,6514,6514
532,6514,6514
542,6514,6514
552,6514,6514
562,6514,6514
572,6514,6514
582,6514,6514
592,6514,6514
602,6514,6514
612,6514,6514
622,6514,6514
632,6514,6514
642,6514,6514
652,6514,6514
662,6514,6514
672,6514,6514
682,6514,6514
692,6514,6514
100,6521,6521
138,6521,6521
138,6521,6521
138,6521,6521
142,6521,6521
152,6521,6521
162,6521,6521
172,6521,6521
182,6521,6521
192,6521,6521
202,6521,6521
212,6521,6521
222,6521,6521
232,6521,6521
242,6521,6521
252,6521,6521
262,6521,6521
272,6521,6521
282,6521,6521
292,6521,6521
302,6521,6521
312,6521,6521
322,6521,6521
332,6521,6521
342,6521,6521
352,6521,6521
362,6521,6521
372,6521,6521
382,6521,6521
392,6521,6521
402,6521,6521
412,6521,6521
422,6521,6521
432,6521,6521
442,6521,6521
452,6521,6521
462,6521,6521
472,6521,6521
482,6521,6521
492,6521,6521
502,6521,6521
512,6521,6521
522,6521,6521
532,6521,6521
542,6521,6521
552,6521,6521
562,6521,6521
572,6521,6521
582,6521,6521
592,6521,6521
602,6521,6521
612,6521,6521
622,6521,6521
632,6521,6521
642,6521,6521
652,6521,6521
662,6521,6521
672,6521,6521
682,6521,6521
692,6521,6521
100,6514,6514
138,6514,6514
138,6514,6514
138,6514,6514
142,6514,6514
152,6514,6514
162,6514,6514
172,6514,6514
182,6514,6514
192,6514,6514
202,6514,6514
212,6514,6514
222,6514,6514
232,6514,6514
242,6514,6514
252,6514,6514
262,6514,6514
272,6514,6514
282,6514,6514
292,6514,6514
302,6514,6514
312,6514,6514
322,6514,6514
332,6514,6514
342,6514,6514
352,6514,6514
362,6514,6514
372,6514,6514
382,6514,6514
392,6514,6514
402,6514,6514
412,6514,6514
422,6514,6514
432,6514,6514
442,6514,6514
452,6514,6514
462,6514,6514
472,6514,6514
482,6514,6514
492,6514,6514
502,6514,6514
512,6514,6514
522,6514,6514
532,6514,6514
542,6514,6514
552,6514,6514
562,6514,6514
572,6514,6514
582,6514,6514
592,6514,6514
602,6514,6514
612,6514,6514
622,6514,6514
632,6514,6514
642,6514,6514
652,6514,6514
662,6514,6514
672,6514,6514
682,6514,6514
692,6514,6514
138,6519,6519
138,6519,6519
138,6519,6519
142,6519,6519
152,6519,6519
162,6519,6519
172,6519,6519
182,6519,6519
192,6519,6519
202,6519,6519
212,6519,6519
222,6519,6519
232,6519,6519
242,6519,6519
252,6519,6519
262,6519,6519
272,6519,6519
282,6519,6519
292,6519,6519
302,6519,6519
312,6519,6519
322,6519,6519
332,6519,6519
342,6519,6519
352,6519,6519
362,6519,6519
372,6519,6519
382,6519,6519
392,6519,6519
402,6519,6519
412,6519,6519
422,6519,6519
432,6519,6519
442,6519,6519
452,6519,6519
462,6519,6519
472,6519,6519
482,6519,6519
492,6519,6519
502,6519,6519
512,6519,6519
522,6519,6519
532,6519,6519
542,6519,6519
552,6519,6519
562,6519,6519
572,6519,6519
582,6519,6519
592,6519,6519
602,6519,6519
612,6519,6519
622,6519,6519
632,6519,6519
642,6519,6519
652,6519,6519
662,6519,6519
672,6519,6519
682,6519,6519
692,6519,6519
702,6519,6519
138,6514,6514
138,6514,6514
138,6514,6514
142,6514,6514
152,6514,6514
162,6514,6514
172,6514,6514
182,6514,6514
192,6514,6514
202,6514,6514
212,6514,6514
222,6514,6514
232,6514,6514
242,6514,6514
252,6514,6514
262,6514,6514
272,6514,6514
282,6514,6514
292,6514,6514
302,6514,6514
312,6514,6514
322,6514,6514
332,6514,6514
342,6514,6514
352,6514,6514
362,6514,6514
372,6514,6514
382,6514,6514
392,6514,6514
402,6514,6514
412,6514,6514
422,6514,6514
432,6514,6514
442,6514,6514
452,6514,6514
462,6514,6514
472,6514,6514
482,6514,6514
492,6514,6514
502,6514,6514
512,6514,6514
522,6514,6514
532,6514,6514
542,6514,6514
552,6514,6514
562,6514,6514
572,6514,6514
582,6514,6514
592,6514,6514
602,6514,6514
612,6514,6514
622,6514,6514
632,6514,6514
642,6514,6514
652,6514,6514
662,6514,6514
672,6514,6514
682,6514,6514
692,6514,6514
138,6518,6518
138,6518,6518
138,6518,6518
142,6518,6518
152,6518,6518
162,6518,6518
172,6518,6518
182,6518,6518
192,6518,6518
202,6518,6518
212,6518,6518
222,6518,6518
232,6518,6518
242,6518,6518
252,6518,6518
262,6518,6518
272,6518,6518
282,6518,6518
292,6518,6518
302,6518,6518
302,6518,6518
312,6518,6518
322,6518,6518
332,6518,6518
342,6518,6518
352,6518,6518
362,6518,6518
372,6518,6518
382,6518,6518
392,6518,6518
402,6518,6518
412,6518,6518
422,6518,6518
432,6518,6518
442,6518,6518
452,6518,6518
462,6518,6518
472,6518,6518
482,6518,6518
492,6518,6518
502,6518,6518
512,6518,6518
522,6518,6518
532,6518,6518
542,6518,6518
552,6518,6518
562,6518,6518
572,6518,6518
582,6518,6518
592,6518,6518
602,6518,6518
612,6518,6518
622,6518,6518
632,6518,6518
642,6518,6518
652,6518,6518
662,6518,6518
672,6518,6518
682,6518,6518
692,6518,6518
100,6514,6514
138,6514,6514
138,6514,6514
138,6514,6514
142,6514,6514
152,6514,6514
162,6514,6514
172,6514,6514
182,6514,6514
192,6514,6514
