# Command line arguments:  -XX:+UseParallelGC -Xmx7g  Program arguments:  --manual_gc --:object_activity 

used memory, total memory, maximum memory
5,245,6372
128,309,6372
197,437,6372
236,613,6372
421,613,6372
475,932,6372
447,1195,6372
764,1195,6372
696,1632,6372
991,1632,6372
1225,1632,6372
857,1930,6372
1119,1930,6372
1407,1930,6372
1132,2492,6372
1341,2492,6372
1575,2492,6372
1862,2492,6372
1463,2886,6372
1840,2886,6372
2255,2886,6372
1945,3639,6372
2337,3639,6372
2631,3639,6372
2664,3639,6372
2696,3639,6372
2696,3639,6372
2762,3639,6372
2862,3639,6372
2925,3639,6372
2958,3639,6372
2048,4172,6372
2202,4172,6372
2366,4172,6372
2529,4172,6372
2660,4172,6372
2660,4172,6372
2664,4172,6372
2758,4172,6372
2790,4172,6372
2823,4172,6372
2888,4172,6372
3052,4172,6372
3248,4172,6372
3280,4172,6372
3411,4172,6372
3411,4172,6372
3411,4172,6372
2470,5171,6372
2748,5171,6372
2986,5171,6372
3180,5171,6372
3180,5171,6372
3180,5171,6372
3455,5171,6372
3730,5171,6372
3848,5171,6372
3887,5171,6372
3968,5171,6372
4045,5171,6372
4045,5171,6372
4084,5171,6372
4084,5171,6372
4123,5171,6372
4163,5171,6372
4163,5171,6372
3039,6073,6372
3400,6073,6372
3446,6073,6372
3492,6073,6372
3538,6073,6372
3630,6073,6372
3768,6073,6372
3998,6073,6372
4319,6073,6372
4641,6073,6372
5009,6073,6372
3866,7151,7151
4023,7151,7151
4023,7151,7151
4391,7151,7151
4548,7151,7151
4705,7151,7151
4863,7151,7151
4863,7151,7151
4863,7151,7151
5020,7151,7151
2,7151,7151
142,7151,7151
188,7151,7151
371,7151,7151
371,7151,7151
371,7151,7151
371,7151,7151
371,7151,7151
379,7151,7151
389,7151,7151
399,7151,7151
409,7151,7151
415,7151,7151
419,7151,7151
429,7151,7151
439,7151,7151
449,7151,7151
459,7151,7151
469,7151,7151
479,7151,7151
489,7151,7151
499,7151,7151
509,7151,7151
519,7151,7151
529,7151,7151
539,7151,7151
549,7151,7151
559,7151,7151
569,7151,7151
579,7151,7151
589,7151,7151
599,7151,7151
609,7151,7151
619,7151,7151
629,7151,7151
639,7151,7151
649,7151,7151
659,7151,7151
669,7151,7151
679,7151,7151
689,7151,7151
699,7151,7151
709,7151,7151
719,7151,7151
729,7151,7151
739,7151,7151
749,7151,7151
759,7151,7151
769,7151,7151
779,7151,7151
789,7151,7151
799,7151,7151
809,7151,7151
819,7151,7151
829,7151,7151
839,7151,7151
849,7151,7151
859,7151,7151
859,7151,7151
869,7151,7151
146,7151,7151
146,7151,7151
146,7151,7151
146,7151,7151
146,7151,7151
154,7151,7151
162,7151,7151
172,7151,7151
182,7151,7151
192,7151,7151
202,7151,7151
212,7151,7151
222,7151,7151
232,7151,7151
242,7151,7151
252,7151,7151
262,7151,7151
272,7151,7151
282,7151,7151
292,7151,7151
302,7151,7151
312,7151,7151
322,7151,7151
332,7151,7151
342,7151,7151
352,7151,7151
362,7151,7151
372,7151,7151
382,7151,7151
392,7151,7151
402,7151,7151
412,7151,7151
422,7151,7151
432,7151,7151
442,7151,7151
452,7151,7151
462,7151,7151
472,7151,7151
482,7151,7151
492,7151,7151
502,7151,7151
512,7151,7151
522,7151,7151
532,7151,7151
542,7151,7151
552,7151,7151
562,7151,7151
572,7151,7151
582,7151,7151
592,7151,7151
602,7151,7151
612,7151,7151
622,7151,7151
632,7151,7151
642,7151,7151
652,7151,7151
686,7151,7151
696,7151,7151
706,7151,7151
716,7151,7151
100,7141,7141
146,7141,7141
146,7141,7141
146,7141,7141
146,7141,7141
154,7141,7141
162,7141,7141
172,7141,7141
182,7141,7141
192,7141,7141
202,7141,7141
212,7141,7141
246,7141,7141
256,7141,7141
266,7141,7141
276,7141,7141
286,7141,7141
296,7141,7141
306,7141,7141
316,7141,7141
326,7141,7141
336,7141,7141
346,7141,7141
356,7141,7141
366,7141,7141
376,7141,7141
386,7141,7141
396,7141,7141
406,7141,7141
416,7141,7141
426,7141,7141
436,7141,7141
446,7141,7141
456,7141,7141
466,7141,7141
476,7141,7141
486,7141,7141
496,7141,7141
506,7141,7141
516,7141,7141
526,7141,7141
536,7141,7141
546,7141,7141
556,7141,7141
566,7141,7141
576,7141,7141
586,7141,7141
596,7141,7141
606,7141,7141
616,7141,7141
626,7141,7141
636,7141,7141
646,7141,7141
656,7141,7141
666,7141,7141
676,7141,7141
686,7141,7141
696,7141,7141
706,7141,7141
716,7141,7141
146,7147,7147
146,7147,7147
146,7147,7147
146,7147,7147
154,7147,7147
162,7147,7147
172,7147,7147
182,7147,7147
192,7147,7147
202,7147,7147
212,7147,7147
222,7147,7147
232,7147,7147
242,7147,7147
252,7147,7147
262,7147,7147
272,7147,7147
282,7147,7147
292,7147,7147
302,7147,7147
312,7147,7147
322,7147,7147
332,7147,7147
342,7147,7147
352,7147,7147
362,7147,7147
372,7147,7147
382,7147,7147
392,7147,7147
402,7147,7147
412,7147,7147
422,7147,7147
432,7147,7147
442,7147,7147
452,7147,7147
462,7147,7147
472,7147,7147
482,7147,7147
492,7147,7147
502,7147,7147
512,7147,7147
522,7147,7147
532,7147,7147
542,7147,7147
552,7147,7147
562,7147,7147
572,7147,7147
582,7147,7147
592,7147,7147
602,7147,7147
612,7147,7147
622,7147,7147
632,7147,7147
642,7147,7147
652,7147,7147
662,7147,7147
672,7147,7147
682,7147,7147
688,7147,7147
692,7147,7147
100,7136,7136
146,7136,7136
146,7136,7136
146,7136,7136
146,7136,7136
154,7136,7136
162,7136,7136
172,7136,7136
182,7136,7136
192,7136,7136
202,7136,7136
212,7136,7136
222,7136,7136
232,7136,7136
242,7136,7136
252,7136,7136
262,7136,7136
272,7136,7136
282,7136,7136
292,7136,7136
302,7136,7136
312,7136,7136
322,7136,7136
332,7136,7136
342,7136,7136
352,7136,7136
362,7136,7136
372,7136,7136
382,7136,7136
392,7136,7136
402,7136,7136
412,7136,7136
422,7136,7136
432,7136,7136
442,7136,7136
452,7136,7136
462,7136,7136
472,7136,7136
482,7136,7136
492,7136,7136
502,7136,7136
512,7136,7136
522,7136,7136
532,7136,7136
542,7136,7136
552,7136,7136
562,7136,7136
572,7136,7136
582,7136,7136
592,7136,7136
602,7136,7136
612,7136,7136
622,7136,7136
632,7136,7136
642,7136,7136
652,7136,7136
662,7136,7136
672,7136,7136
682,7136,7136
692,7136,7136
100,7147,7147
146,7147,7147
146,7147,7147
146,7147,7147
146,7147,7147
154,7147,7147
162,7147,7147
172,7147,7147
182,7147,7147
192,7147,7147
202,7147,7147
212,7147,7147
222,7147,7147
232,7147,7147
242,7147,7147
252,7147,7147
262,7147,7147
272,7147,7147
282,7147,7147
292,7147,7147
302,7147,7147
312,7147,7147
322,7147,7147
332,7147,7147
342,7147,7147
352,7147,7147
362,7147,7147
372,7147,7147
382,7147,7147
392,7147,7147
402,7147,7147
412,7147,7147
422,7147,7147
432,7147,7147
442,7147,7147
452,7147,7147
462,7147,7147
472,7147,7147
482,7147,7147
492,7147,7147
502,7147,7147
512,7147,7147
522,7147,7147
532,7147,7147
542,7147,7147
552,7147,7147
562,7147,7147
572,7147,7147
582,7147,7147
592,7147,7147
602,7147,7147
612,7147,7147
622,7147,7147
632,7147,7147
642,7147,7147
652,7147,7147
662,7147,7147
672,7147,7147
682,7147,7147
692,7147,7147
146,7134,7134
146,7134,7134
146,7134,7134
146,7134,7134
154,7134,7134
162,7134,7134
172,7134,7134
182,7134,7134
192,7134,7134
202,7134,7134
212,7134,7134
222,7134,7134
232,7134,7134
242,7134,7134
252,7134,7134
262,7134,7134
272,7134,7134
282,7134,7134
292,7134,7134
302,7134,7134
312,7134,7134
322,7134,7134
332,7134,7134
342,7134,7134
352,7134,7134
362,7134,7134
372,7134,7134
382,7134,7134
392,7134,7134
402,7134,7134
412,7134,7134
422,7134,7134
432,7134,7134
442,7134,7134
452,7134,7134
462,7134,7134
472,7134,7134
482,7134,7134
492,7134,7134
502,7134,7134
512,7134,7134
522,7134,7134
532,7134,7134
542,7134,7134
552,7134,7134
562,7134,7134
572,7134,7134
582,7134,7134
592,7134,7134
602,7134,7134
612,7134,7134
622,7134,7134
632,7134,7134
642,7134,7134
652,7134,7134
662,7134,7134
672,7134,7134
682,7134,7134
692,7134,7134
100,7147,7147
146,7147,7147
146,7147,7147
146,7147,7147
146,7147,7147
154,7147,7147
162,7147,7147
172,7147,7147
182,7147,7147
192,7147,7147
202,7147,7147
212,7147,7147
222,7147,7147
232,7147,7147
242,7147,7147
252,7147,7147
262,7147,7147
272,7147,7147
282,7147,7147
292,7147,7147
302,7147,7147
312,7147,7147
322,7147,7147
332,7147,7147
342,7147,7147
352,7147,7147
362,7147,7147
372,7147,7147
382,7147,7147
392,7147,7147
402,7147,7147
412,7147,7147
422,7147,7147
432,7147,7147
442,7147,7147
452,7147,7147
462,7147,7147
472,7147,7147
482,7147,7147
492,7147,7147
502,7147,7147
512,7147,7147
522,7147,7147
532,7147,7147
542,7147,7147
552,7147,7147
562,7147,7147
572,7147,7147
582,7147,7147
592,7147,7147
602,7147,7147
612,7147,7147
622,7147,7147
632,7147,7147
642,7147,7147
652,7147,7147
662,7147,7147
672,7147,7147
682,7147,7147
692,7147,7147
146,7147,7147
146,7147,7147
146,7147,7147
146,7147,7147
154,7147,7147
162,7147,7147
172,7147,7147
182,7147,7147
192,7147,7147
202,7147,7147
212,7147,7147
222,7147,7147
232,7147,7147
242,7147,7147
252,7147,7147
262,7147,7147
272,7147,7147
282,7147,7147
292,7147,7147
302,7147,7147
312,7147,7147
322,7147,7147
332,7147,7147
342,7147,7147
352,7147,7147
362,7147,7147
372,7147,7147
382,7147,7147
392,7147,7147
402,7147,7147
412,7147,7147
422,7147,7147
432,7147,7147
442,7147,7147
452,7147,7147
462,7147,7147
472,7147,7147
482,7147,7147
492,7147,7147
502,7147,7147
512,7147,7147
522,7147,7147
532,7147,7147
542,7147,7147
552,7147,7147
562,7147,7147
572,7147,7147
582,7147,7147
592,7147,7147
602,7147,7147
612,7147,7147
622,7147,7147
632,7147,7147
642,7147,7147
652,7147,7147
662,7147,7147
672,7147,7147
682,7147,7147
692,7147,7147
702,7147,7147
146,7147,7147
146,7147,7147
146,7147,7147
146,7147,7147
154,7147,7147
162,7147,7147
172,7147,7147
182,7147,7147
192,7147,7147
202,7147,7147
212,7147,7147
222,7147,7147
232,7147,7147
242,7147,7147
252,7147,7147
262,7147,7147
272,7147,7147
282,7147,7147
292,7147,7147
302,7147,7147
308,7147,7147
312,7147,7147
322,7147,7147
332,7147,7147
342,7147,7147
352,7147,7147
362,7147,7147
372,7147,7147
382,7147,7147
392,7147,7147
402,7147,7147
412,7147,7147
422,7147,7147
432,7147,7147
442,7147,7147
452,7147,7147
462,7147,7147
472,7147,7147
482,7147,7147
492,7147,7147
502,7147,7147
512,7147,7147
522,7147,7147
532,7147,7147
542,7147,7147
552,7147,7147
562,7147,7147
572,7147,7147
582,7147,7147
592,7147,7147
602,7147,7147
612,7147,7147
622,7147,7147
632,7147,7147
642,7147,7147
652,7147,7147
662,7147,7147
672,7147,7147
682,7147,7147
692,7147,7147
100,7147,7147
146,7147,7147
146,7147,7147
146,7147,7147
146,7147,7147
154,7147,7147
162,7147,7147
172,7147,7147
182,7147,7147
192,7147,7147
202,7147,7147
212,7147,7147
222,7147,7147
232,7147,7147
242,7147,7147
252,7147,7147
262,7147,7147
272,7147,7147
282,7147,7147
292,7147,7147
302,7147,7147
312,7147,7147
322,7147,7147
332,7147,7147
342,7147,7147
352,7147,7147
362,7147,7147
372,7147,7147
382,7147,7147
392,7147,7147
402,7147,7147
412,7147,7147
422,7147,7147
432,7147,7147
442,7147,7147
452,7147,7147
462,7147,7147
472,7147,7147
482,7147,7147
492,7147,7147
502,7147,7147
512,7147,7147
522,7147,7147
532,7147,7147
542,7147,7147
552,7147,7147
562,7147,7147
572,7147,7147
582,7147,7147
592,7147,7147
602,7147,7147
612,7147,7147
622,7147,7147
632,7147,7147
642,7147,7147
652,7147,7147
662,7147,7147
672,7147,7147
682,7147,7147
692,7147,7147
146,7148,7148
146,7148,7148
146,7148,7148
146,7148,7148
154,7148,7148
162,7148,7148
172,7148,7148
182,7148,7148
192,7148,7148
202,7148,7148
212,7148,7148
222,7148,7148
232,7148,7148
242,7148,7148
252,7148,7148
262,7148,7148
272,7148,7148
282,7148,7148
292,7148,7148
302,7148,7148
312,7148,7148
322,7148,7148
332,7148,7148
342,7148,7148
352,7148,7148
362,7148,7148
372,7148,7148
382,7148,7148
392,7148,7148
402,7148,7148
412,7148,7148
422,7148,7148
432,7148,7148
442,7148,7148
452,7148,7148
462,7148,7148
472,7148,7148
482,7148,7148
492,7148,7148
502,7148,7148
512,7148,7148
522,7148,7148
532,7148,7148
542,7148,7148
552,7148,7148
562,7148,7148
572,7148,7148
582,7148,7148
592,7148,7148
602,7148,7148
612,7148,7148
622,7148,7148
632,7148,7148
642,7148,7148
652,7148,7148
662,7148,7148
672,7148,7148
682,7148,7148
692,7148,7148
702,7148,7148
146,7147,7147
146,7147,7147
146,7147,7147
146,7147,7147
154,7147,7147
162,7147,7147
172,7147,7147
182,7147,7147
192,7147,7147
202,7147,7147
212,7147,7147
222,7147,7147
232,7147,7147
242,7147,7147
252,7147,7147
262,7147,7147
272,7147,7147
282,7147,7147
292,7147,7147
302,7147,7147
312,7147,7147
322,7147,7147
332,7147,7147
342,7147,7147
352,7147,7147
362,7147,7147
372,7147,7147
382,7147,7147
392,7147,7147
402,7147,7147
412,7147,7147
422,7147,7147
432,7147,7147
442,7147,7147
452,7147,7147
462,7147,7147
472,7147,7147
482,7147,7147
492,7147,7147
502,7147,7147
512,7147,7147
522,7147,7147
532,7147,7147
542,7147,7147
552,7147,7147
562,7147,7147
572,7147,7147
582,7147,7147
592,7147,7147
602,7147,7147
612,7147,7147
622,7147,7147
632,7147,7147
642,7147,7147
652,7147,7147
662,7147,7147
672,7147,7147
682,7147,7147
692,7147,7147
146,7149,7149
146,7149,7149
146,7149,7149
146,7149,7149
154,7149,7149
162,7149,7149
172,7149,7149
182,7149,7149
192,7149,7149
202,7149,7149
212,7149,7149
222,7149,7149
224,7149,7149
232,7149,7149
242,7149,7149
252,7149,7149
262,7149,7149
272,7149,7149
282,7149,7149
292,7149,7149
302,7149,7149
312,7149,7149
322,7149,7149
332,7149,7149
342,7149,7149
352,7149,7149
362,7149,7149
372,7149,7149
382,7149,7149
392,7149,7149
402,7149,7149
412,7149,7149
422,7149,7149
432,7149,7149
442,7149,7149
452,7149,7149
462,7149,7149
472,7149,7149
482,7149,7149
492,7149,7149
502,7149,7149
512,7149,7149
522,7149,7149
532,7149,7149
542,7149,7149
552,7149,7149
562,7149,7149
572,7149,7149
582,7149,7149
592,7149,7149
602,7149,7149
612,7149,7149
622,7149,7149
632,7149,7149
642,7149,7149
652,7149,7149
662,7149,7149
672,7149,7149
682,7149,7149
692,7149,7149
100,7148,7148
146,7148,7148
146,7148,7148
146,7148,7148
146,7148,7148
154,7148,7148
162,7148,7148
172,7148,7148
182,7148,7148
192,7148,7148
202,7148,7148
212,7148,7148
222,7148,7148
232,7148,7148
242,7148,7148
252,7148,7148
262,7148,7148
272,7148,7148
282,7148,7148
292,7148,7148
302,7148,7148
312,7148,7148
322,7148,7148
332,7148,7148
342,7148,7148
352,7148,7148
362,7148,7148
372,7148,7148
382,7148,7148
392,7148,7148
402,7148,7148
412,7148,7148
422,7148,7148
432,7148,7148
442,7148,7148
452,7148,7148
462,7148,7148
472,7148,7148
482,7148,7148
492,7148,7148
502,7148,7148
512,7148,7148
522,7148,7148
532,7148,7148
542,7148,7148
552,7148,7148
562,7148,7148
572,7148,7148
582,7148,7148
592,7148,7148
602,7148,7148
612,7148,7148
622,7148,7148
632,7148,7148
642,7148,7148
652,7148,7148
662,7148,7148
672,7148,7148
682,7148,7148
692,7148,7148
100,7150,7150
146,7150,7150
146,7150,7150
146,7150,7150
146,7150,7150
154,7150,7150
162,7150,7150
172,7150,7150
182,7150,7150
192,7150,7150
202,7150,7150
212,7150,7150
222,7150,7150
232,7150,7150
242,7150,7150
252,7150,7150
262,7150,7150
272,7150,7150
282,7150,7150
292,7150,7150
302,7150,7150
312,7150,7150
322,7150,7150
332,7150,7150
342,7150,7150
352,7150,7150
362,7150,7150
372,7150,7150
382,7150,7150
392,7150,7150
402,7150,7150
412,7150,7150
422,7150,7150
432,7150,7150
442,7150,7150
452,7150,7150
462,7150,7150
472,7150,7150
482,7150,7150
492,7150,7150
502,7150,7150
512,7150,7150
522,7150,7150
532,7150,7150
542,7150,7150
552,7150,7150
562,7150,7150
572,7150,7150
582,7150,7150
592,7150,7150
602,7150,7150
612,7150,7150
622,7150,7150
632,7150,7150
642,7150,7150
652,7150,7150
662,7150,7150
672,7150,7150
682,7150,7150
692,7150,7150
146,7149,7149
146,7149,7149
146,7149,7149
146,7149,7149
154,7149,7149
162,7149,7149
172,7149,7149
182,7149,7149
192,7149,7149
202,7149,7149
212,7149,7149
222,7149,7149
232,7149,7149
242,7149,7149
252,7149,7149
262,7149,7149
272,7149,7149
282,7149,7149
292,7149,7149
302,7149,7149
312,7149,7149
322,7149,7149
332,7149,7149
342,7149,7149
352,7149,7149
362,7149,7149
372,7149,7149
382,7149,7149
392,7149,7149
402,7149,7149
412,7149,7149
422,7149,7149
432,7149,7149
442,7149,7149
452,7149,7149
462,7149,7149
472,7149,7149
482,7149,7149
492,7149,7149
502,7149,7149
512,7149,7149
522,7149,7149
532,7149,7149
542,7149,7149
552,7149,7149
562,7149,7149
572,7149,7149
582,7149,7149
592,7149,7149
602,7149,7149
612,7149,7149
622,7149,7149
632,7149,7149
642,7149,7149
652,7149,7149
662,7149,7149
672,7149,7149
682,7149,7149
692,7149,7149
702,7149,7149
146,7151,7151
146,7151,7151
146,7151,7151
146,7151,7151
154,7151,7151
162,7151,7151
172,7151,7151
182,7151,7151
192,7151,7151
202,7151,7151
212,7151,7151
222,7151,7151
232,7151,7151
242,7151,7151
252,7151,7151
262,7151,7151
272,7151,7151
282,7151,7151
292,7151,7151
302,7151,7151
312,7151,7151
322,7151,7151
332,7151,7151
342,7151,7151
352,7151,7151
362,7151,7151
372,7151,7151
382,7151,7151
392,7151,7151
402,7151,7151
412,7151,7151
422,7151,7151
432,7151,7151
442,7151,7151
452,7151,7151
462,7151,7151
472,7151,7151
482,7151,7151
492,7151,7151
502,7151,7151
512,7151,7151
522,7151,7151
532,7151,7151
542,7151,7151
552,7151,7151
562,7151,7151
572,7151,7151
582,7151,7151
592,7151,7151
602,7151,7151
612,7151,7151
622,7151,7151
632,7151,7151
642,7151,7151
652,7151,7151
662,7151,7151
672,7151,7151
682,7151,7151
692,7151,7151
100,7150,7150
146,7150,7150
146,7150,7150
146,7150,7150
146,7150,7150
154,7150,7150
162,7150,7150
172,7150,7150
182,7150,7150
192,7150,7150
202,7150,7150
212,7150,7150
222,7150,7150
232,7150,7150
242,7150,7150
252,7150,7150
262,7150,7150
272,7150,7150
282,7150,7150
292,7150,7150
302,7150,7150
312,7150,7150
322,7150,7150
332,7150,7150
342,7150,7150
352,7150,7150
362,7150,7150
368,7150,7150
372,7150,7150
382,7150,7150
392,7150,7150
402,7150,7150
412,7150,7150
422,7150,7150
432,7150,7150
442,7150,7150
452,7150,7150
462,7150,7150
472,7150,7150
482,7150,7150
492,7150,7150
502,7150,7150
512,7150,7150
522,7150,7150
532,7150,7150
542,7150,7150
552,7150,7150
562,7150,7150
572,7150,7150
582,7150,7150
592,7150,7150
602,7150,7150
612,7150,7150
622,7150,7150
632,7150,7150
642,7150,7150
652,7150,7150
662,7150,7150
672,7150,7150
682,7150,7150
100,7149,7149
146,7149,7149
146,7149,7149
146,7149,7149
146,7149,7149
154,7149,7149
162,7149,7149
172,7149,7149
182,7149,7149
192,7149,7149
202,7149,7149
212,7149,7149
222,7149,7149
232,7149,7149
242,7149,7149
252,7149,7149
262,7149,7149
272,7149,7149
282,7149,7149
292,7149,7149
302,7149,7149
312,7149,7149
322,7149,7149
332,7149,7149
342,7149,7149
352,7149,7149
362,7149,7149
372,7149,7149
382,7149,7149
392,7149,7149
402,7149,7149
412,7149,7149
422,7149,7149
432,7149,7149
442,7149,7149
452,7149,7149
462,7149,7149
472,7149,7149
482,7149,7149
492,7149,7149
502,7149,7149
512,7149,7149
522,7149,7149
532,7149,7149
542,7149,7149
552,7149,7149
562,7149,7149
572,7149,7149
582,7149,7149
592,7149,7149
602,7149,7149
612,7149,7149
622,7149,7149
632,7149,7149
642,7149,7149
652,7149,7149
662,7149,7149
672,7149,7149
682,7149,7149
692,7149,7149
100,7141,7141
146,7141,7141
146,7141,7141
146,7141,7141
146,7141,7141
154,7141,7141
162,7141,7141
172,7141,7141
182,7141,7141
192,7141,7141
202,7141,7141
212,7141,7141
222,7141,7141
232,7141,7141
242,7141,7141
252,7141,7141
262,7141,7141
272,7141,7141
282,7141,7141
292,7141,7141
302,7141,7141
312,7141,7141
322,7141,7141
332,7141,7141
342,7141,7141
352,7141,7141
362,7141,7141
372,7141,7141
382,7141,7141
392,7141,7141
402,7141,7141
412,7141,7141
422,7141,7141
432,7141,7141
442,7141,7141
452,7141,7141
462,7141,7141
472,7141,7141
482,7141,7141
492,7141,7141
502,7141,7141
512,7141,7141
522,7141,7141
532,7141,7141
542,7141,7141
552,7141,7141
562,7141,7141
572,7141,7141
582,7141,7141
592,7141,7141
602,7141,7141
612,7141,7141
622,7141,7141
632,7141,7141
642,7141,7141
652,7141,7141
662,7141,7141
672,7141,7141
682,7141,7141
692,7141,7141
146,7148,7148
146,7148,7148
146,7148,7148
146,7148,7148
154,7148,7148
162,7148,7148
172,7148,7148
182,7148,7148
192,7148,7148
202,7148,7148
212,7148,7148
222,7148,7148
232,7148,7148
242,7148,7148
252,7148,7148
262,7148,7148
272,7148,7148
282,7148,7148
292,7148,7148
302,7148,7148
312,7148,7148
322,7148,7148
332,7148,7148
342,7148,7148
352,7148,7148
362,7148,7148
372,7148,7148
382,7148,7148
392,7148,7148
402,7148,7148
412,7148,7148
422,7148,7148
432,7148,7148
442,7148,7148
452,7148,7148
462,7148,7148
472,7148,7148
482,7148,7148
492,7148,7148
502,7148,7148
512,7148,7148
522,7148,7148
532,7148,7148
542,7148,7148
552,7148,7148
562,7148,7148
572,7148,7148
582,7148,7148
592,7148,7148
602,7148,7148
612,7148,7148
622,7148,7148
632,7148,7148
642,7148,7148
652,7148,7148
662,7148,7148
672,7148,7148
682,7148,7148
692,7148,7148
702,7148,7148
146,7141,7141
146,7141,7141
146,7141,7141
146,7141,7141
154,7141,7141
162,7141,7141
172,7141,7141
182,7141,7141
192,7141,7141
202,7141,7141
212,7141,7141
222,7141,7141
232,7141,7141
242,7141,7141
252,7141,7141
262,7141,7141
272,7141,7141
282,7141,7141
292,7141,7141
302,7141,7141
312,7141,7141
322,7141,7141
332,7141,7141
342,7141,7141
352,7141,7141
362,7141,7141
372,7141,7141
382,7141,7141
392,7141,7141
402,7141,7141
412,7141,7141
422,7141,7141
432,7141,7141
442,7141,7141
452,7141,7141
462,7141,7141
472,7141,7141
482,7141,7141
492,7141,7141
502,7141,7141
512,7141,7141
522,7141,7141
532,7141,7141
542,7141,7141
552,7141,7141
562,7141,7141
572,7141,7141
582,7141,7141
592,7141,7141
602,7141,7141
612,7141,7141
622,7141,7141
632,7141,7141
642,7141,7141
652,7141,7141
662,7141,7141
672,7141,7141
682,7141,7141
692,7141,7141
702,7141,7141
146,7147,7147
146,7147,7147
146,7147,7147
146,7147,7147
154,7147,7147
162,7147,7147
172,7147,7147
182,7147,7147
192,7147,7147
202,7147,7147
212,7147,7147
222,7147,7147
232,7147,7147
242,7147,7147
252,7147,7147
262,7147,7147
272,7147,7147
282,7147,7147
292,7147,7147
302,7147,7147
312,7147,7147
322,7147,7147
332,7147,7147
342,7147,7147
352,7147,7147
362,7147,7147
372,7147,7147
382,7147,7147
392,7147,7147
402,7147,7147
412,7147,7147
422,7147,7147
432,7147,7147
442,7147,7147
452,7147,7147
462,7147,7147
472,7147,7147
482,7147,7147
492,7147,7147
502,7147,7147
512,7147,7147
522,7147,7147
532,7147,7147
542,7147,7147
552,7147,7147
562,7147,7147
572,7147,7147
582,7147,7147
592,7147,7147
602,7147,7147
612,7147,7147
622,7147,7147
632,7147,7147
642,7147,7147
652,7147,7147
662,7147,7147
672,7147,7147
682,7147,7147
692,7147,7147
146,7141,7141
146,7141,7141
146,7141,7141
146,7141,7141
154,7141,7141
162,7141,7141
172,7141,7141
182,7141,7141
192,7141,7141
202,7141,7141
212,7141,7141
222,7141,7141
232,7141,7141
242,7141,7141
252,7141,7141
262,7141,7141
272,7141,7141
282,7141,7141
292,7141,7141
302,7141,7141
312,7141,7141
322,7141,7141
332,7141,7141
342,7141,7141
352,7141,7141
362,7141,7141
372,7141,7141
382,7141,7141
392,7141,7141
402,7141,7141
412,7141,7141
422,7141,7141
432,7141,7141
442,7141,7141
452,7141,7141
462,7141,7141
472,7141,7141
482,7141,7141
492,7141,7141
502,7141,7141
512,7141,7141
522,7141,7141
532,7141,7141
542,7141,7141
552,7141,7141
562,7141,7141
572,7141,7141
582,7141,7141
592,7141,7141
602,7141,7141
612,7141,7141
622,7141,7141
632,7141,7141
642,7141,7141
652,7141,7141
662,7141,7141
672,7141,7141
682,7141,7141
692,7141,7141
702,7141,7141
146,7146,7146
146,7146,7146
146,7146,7146
146,7146,7146
154,7146,7146
162,7146,7146
172,7146,7146
182,7146,7146
192,7146,7146
202,7146,7146
212,7146,7146
212,7146,7146
222,7146,7146
232,7146,7146
242,7146,7146
252,7146,7146
262,7146,7146
272,7146,7146
282,7146,7146
292,7146,7146
302,7146,7146
312,7146,7146
322,7146,7146
332,7146,7146
342,7146,7146
352,7146,7146
362,7146,7146
372,7146,7146
382,7146,7146
392,7146,7146
402,7146,7146
412,7146,7146
422,7146,7146
432,7146,7146
442,7146,7146
452,7146,7146
462,7146,7146
472,7146,7146
482,7146,7146
492,7146,7146
502,7146,7146
512,7146,7146
522,7146,7146
532,7146,7146
542,7146,7146
552,7146,7146
562,7146,7146
572,7146,7146
582,7146,7146
592,7146,7146
602,7146,7146
612,7146,7146
622,7146,7146
632,7146,7146
642,7146,7146
652,7146,7146
662,7146,7146
672,7146,7146
682,7146,7146
692,7146,7146
100,7147,7147
146,7147,7147
146,7147,7147
146,7147,7147
146,7147,7147
154,7147,7147
162,7147,7147
172,7147,7147
182,7147,7147
192,7147,7147
202,7147,7147
212,7147,7147
222,7147,7147
232,7147,7147
242,7147,7147
252,7147,7147
262,7147,7147
272,7147,7147
282,7147,7147
292,7147,7147
302,7147,7147
312,7147,7147
322,7147,7147
332,7147,7147
342,7147,7147
352,7147,7147
362,7147,7147
372,7147,7147
382,7147,7147
392,7147,7147
402,7147,7147
412,7147,7147
422,7147,7147
432,7147,7147
442,7147,7147
452,7147,7147
462,7147,7147
472,7147,7147
482,7147,7147
492,7147,7147
502,7147,7147
512,7147,7147
522,7147,7147
532,7147,7147
542,7147,7147
552,7147,7147
562,7147,7147
572,7147,7147
582,7147,7147
592,7147,7147
602,7147,7147
612,7147,7147
622,7147,7147
632,7147,7147
642,7147,7147
652,7147,7147
662,7147,7147
672,7147,7147
682,7147,7147
692,7147,7147
146,7146,7146
146,7146,7146
146,7146,7146
146,7146,7146
154,7146,7146
162,7146,7146
172,7146,7146
182,7146,7146
192,7146,7146
202,7146,7146
212,7146,7146
222,7146,7146
232,7146,7146
242,7146,7146
252,7146,7146
262,7146,7146
272,7146,7146
282,7146,7146
292,7146,7146
302,7146,7146
312,7146,7146
322,7146,7146
332,7146,7146
342,7146,7146
352,7146,7146
362,7146,7146
372,7146,7146
382,7146,7146
392,7146,7146
402,7146,7146
412,7146,7146
422,7146,7146
432,7146,7146
442,7146,7146
452,7146,7146
462,7146,7146
472,7146,7146
482,7146,7146
492,7146,7146
502,7146,7146
512,7146,7146
522,7146,7146
532,7146,7146
542,7146,7146
552,7146,7146
562,7146,7146
572,7146,7146
582,7146,7146
592,7146,7146
602,7146,7146
612,7146,7146
622,7146,7146
632,7146,7146
642,7146,7146
652,7146,7146
662,7146,7146
672,7146,7146
682,7146,7146
692,7146,7146
702,7146,7146
146,7141,7141
146,7141,7141
146,7141,7141
146,7141,7141
154,7141,7141
162,7141,7141
172,7141,7141
182,7141,7141
192,7141,7141
202,7141,7141
212,7141,7141
222,7141,7141
232,7141,7141
242,7141,7141
252,7141,7141
262,7141,7141
272,7141,7141
282,7141,7141
292,7141,7141
302,7141,7141
312,7141,7141
322,7141,7141
332,7141,7141
342,7141,7141
352,7141,7141
362,7141,7141
372,7141,7141
382,7141,7141
392,7141,7141
402,7141,7141
412,7141,7141
422,7141,7141
432,7141,7141
442,7141,7141
452,7141,7141
462,7141,7141
472,7141,7141
482,7141,7141
492,7141,7141
502,7141,7141
512,7141,7141
522,7141,7141
532,7141,7141
542,7141,7141
552,7141,7141
562,7141,7141
572,7141,7141
582,7141,7141
592,7141,7141
602,7141,7141
612,7141,7141
622,7141,7141
632,7141,7141
642,7141,7141
652,7141,7141
662,7141,7141
672,7141,7141
682,7141,7141
692,7141,7141
100,7145,7145
146,7145,7145
146,7145,7145
146,7145,7145
146,7145,7145
154,7145,7145
162,7145,7145
172,7145,7145
182,7145,7145
192,7145,7145
202,7145,7145
212,7145,7145
222,7145,7145
232,7145,7145
242,7145,7145
252,7145,7145
262,7145,7145
272,7145,7145
282,7145,7145
292,7145,7145
302,7145,7145
312,7145,7145
322,7145,7145
332,7145,7145
342,7145,7145
352,7145,7145
362,7145,7145
372,7145,7145
382,7145,7145
392,7145,7145
402,7145,7145
412,7145,7145
422,7145,7145
432,7145,7145
442,7145,7145
452,7145,7145
462,7145,7145
472,7145,7145
482,7145,7145
492,7145,7145
502,7145,7145
512,7145,7145
522,7145,7145
532,7145,7145
542,7145,7145
552,7145,7145
562,7145,7145
572,7145,7145
582,7145,7145
592,7145,7145
602,7145,7145
612,7145,7145
622,7145,7145
632,7145,7145
642,7145,7145
652,7145,7145
662,7145,7145
672,7145,7145
682,7145,7145
692,7145,7145
146,7145,7145
146,7145,7145
146,7145,7145
146,7145,7145
154,7145,7145
162,7145,7145
172,7145,7145
182,7145,7145
184,7145,7145
192,7145,7145
202,7145,7145
212,7145,7145
222,7145,7145
232,7145,7145
242,7145,7145
252,7145,7145
262,7145,7145
272,7145,7145
282,7145,7145
292,7145,7145
302,7145,7145
312,7145,7145
322,7145,7145
332,7145,7145
342,7145,7145
352,7145,7145
362,7145,7145
372,7145,7145
382,7145,7145
392,7145,7145
402,7145,7145
412,7145,7145
422,7145,7145
432,7145,7145
442,7145,7145
452,7145,7145
462,7145,7145
472,7145,7145
482,7145,7145
492,7145,7145
502,7145,7145
512,7145,7145
522,7145,7145
532,7145,7145
542,7145,7145
552,7145,7145
562,7145,7145
572,7145,7145
582,7145,7145
592,7145,7145
602,7145,7145
612,7145,7145
622,7145,7145
632,7145,7145
642,7145,7145
652,7145,7145
662,7145,7145
672,7145,7145
682,7145,7145
692,7145,7145
100,7144,7144
146,7144,7144
146,7144,7144
146,7144,7144
146,7144,7144
154,7144,7144
162,7144,7144
172,7144,7144
182,7144,7144
192,7144,7144
202,7144,7144
212,7144,7144
222,7144,7144
232,7144,7144
242,7144,7144
252,7144,7144
262,7144,7144
272,7144,7144
282,7144,7144
292,7144,7144
302,7144,7144
312,7144,7144
322,7144,7144
332,7144,7144
342,7144,7144
352,7144,7144
362,7144,7144
372,7144,7144
382,7144,7144
392,7144,7144
402,7144,7144
412,7144,7144
422,7144,7144
432,7144,7144
442,7144,7144
452,7144,7144
462,7144,7144
472,7144,7144
482,7144,7144
492,7144,7144
502,7144,7144
512,7144,7144
522,7144,7144
532,7144,7144
542,7144,7144
552,7144,7144
562,7144,7144
572,7144,7144
582,7144,7144
592,7144,7144
602,7144,7144
612,7144,7144
622,7144,7144
632,7144,7144
642,7144,7144
652,7144,7144
662,7144,7144
672,7144,7144
682,7144,7144
692,7144,7144
100,7145,7145
146,7145,7145
146,7145,7145
146,7145,7145
146,7145,7145
154,7145,7145
162,7145,7145
172,7145,7145
182,7145,7145
192,7145,7145
202,7145,7145
212,7145,7145
222,7145,7145
232,7145,7145
242,7145,7145
252,7145,7145
262,7145,7145
272,7145,7145
282,7145,7145
292,7145,7145
302,7145,7145
312,7145,7145
322,7145,7145
332,7145,7145
342,7145,7145
352,7145,7145
362,7145,7145
372,7145,7145
382,7145,7145
392,7145,7145
402,7145,7145
412,7145,7145
422,7145,7145
432,7145,7145
442,7145,7145
452,7145,7145
462,7145,7145
472,7145,7145
482,7145,7145
492,7145,7145
502,7145,7145
512,7145,7145
522,7145,7145
532,7145,7145
542,7145,7145
552,7145,7145
562,7145,7145
572,7145,7145
582,7145,7145
592,7145,7145
602,7145,7145
612,7145,7145
622,7145,7145
632,7145,7145
642,7145,7145
652,7145,7145
662,7145,7145
672,7145,7145
682,7145,7145
692,7145,7145
146,7144,7144
146,7144,7144
146,7144,7144
146,7144,7144
154,7144,7144
162,7144,7144
172,7144,7144
182,7144,7144
192,7144,7144
202,7144,7144
212,7144,7144
222,7144,7144
232,7144,7144
242,7144,7144
252,7144,7144
262,7144,7144
272,7144,7144
282,7144,7144
292,7144,7144
302,7144,7144
312,7144,7144
322,7144,7144
332,7144,7144
342,7144,7144
352,7144,7144
362,7144,7144
372,7144,7144
382,7144,7144
392,7144,7144
402,7144,7144
412,7144,7144
422,7144,7144
432,7144,7144
442,7144,7144
452,7144,7144
462,7144,7144
472,7144,7144
482,7144,7144
492,7144,7144
502,7144,7144
512,7144,7144
522,7144,7144
532,7144,7144
542,7144,7144
552,7144,7144
562,7144,7144
572,7144,7144
582,7144,7144
592,7144,7144
602,7144,7144
612,7144,7144
622,7144,7144
632,7144,7144
642,7144,7144
652,7144,7144
662,7144,7144
672,7144,7144
682,7144,7144
692,7144,7144
702,7144,7144
146,7144,7144
146,7144,7144
146,7144,7144
146,7144,7144
154,7144,7144
162,7144,7144
172,7144,7144
182,7144,7144
192,7144,7144
202,7144,7144
212,7144,7144
222,7144,7144
232,7144,7144
242,7144,7144
252,7144,7144
262,7144,7144
272,7144,7144
282,7144,7144
292,7144,7144
302,7144,7144
312,7144,7144
322,7144,7144
332,7144,7144
342,7144,7144
352,7144,7144
362,7144,7144
372,7144,7144
382,7144,7144
392,7144,7144
402,7144,7144
412,7144,7144
422,7144,7144
432,7144,7144
442,7144,7144
452,7144,7144
462,7144,7144
472,7144,7144
482,7144,7144
492,7144,7144
502,7144,7144
512,7144,7144
522,7144,7144
532,7144,7144
542,7144,7144
552,7144,7144
562,7144,7144
572,7144,7144
582,7144,7144
592,7144,7144
602,7144,7144
612,7144,7144
622,7144,7144
632,7144,7144
642,7144,7144
652,7144,7144
662,7144,7144
672,7144,7144
682,7144,7144
692,7144,7144
100,7143,7143
146,7143,7143
146,7143,7143
146,7143,7143
146,7143,7143
154,7143,7143
162,7143,7143
172,7143,7143
182,7143,7143
192,7143,7143
202,7143,7143
212,7143,7143
222,7143,7143
232,7143,7143
242,7143,7143
252,7143,7143
262,7143,7143
272,7143,7143
282,7143,7143
292,7143,7143
302,7143,7143
312,7143,7143
322,7143,7143
332,7143,7143
342,7143,7143
352,7143,7143
362,7143,7143
372,7143,7143
382,7143,7143
392,7143,7143
402,7143,7143
412,7143,7143
422,7143,7143
432,7143,7143
442,7143,7143
452,7143,7143
462,7143,7143
472,7143,7143
482,7143,7143
492,7143,7143
502,7143,7143
512,7143,7143
522,7143,7143
532,7143,7143
542,7143,7143
552,7143,7143
562,7143,7143
572,7143,7143
582,7143,7143
592,7143,7143
602,7143,7143
612,7143,7143
622,7143,7143
632,7143,7143
642,7143,7143
652,7143,7143
662,7143,7143
672,7143,7143
682,7143,7143
692,7143,7143
146,7144,7144
146,7144,7144
146,7144,7144
146,7144,7144
154,7144,7144
162,7144,7144
172,7144,7144
182,7144,7144
192,7144,7144
202,7144,7144
212,7144,7144
222,7144,7144
232,7144,7144
242,7144,7144
252,7144,7144
262,7144,7144
272,7144,7144
282,7144,7144
292,7144,7144
302,7144,7144
312,7144,7144
322,7144,7144
332,7144,7144
342,7144,7144
352,7144,7144
362,7144,7144
372,7144,7144
382,7144,7144
392,7144,7144
402,7144,7144
412,7144,7144
422,7144,7144
432,7144,7144
442,7144,7144
452,7144,7144
462,7144,7144
472,7144,7144
482,7144,7144
492,7144,7144
502,7144,7144
512,7144,7144
522,7144,7144
532,7144,7144
542,7144,7144
552,7144,7144
562,7144,7144
572,7144,7144
582,7144,7144
592,7144,7144
602,7144,7144
612,7144,7144
622,7144,7144
632,7144,7144
634,7144,7144
642,7144,7144
652,7144,7144
662,7144,7144
672,7144,7144
682,7144,7144
692,7144,7144
100,7143,7143
146,7143,7143
146,7143,7143
146,7143,7143
146,7143,7143
154,7143,7143
162,7143,7143
172,7143,7143
182,7143,7143
192,7143,7143
202,7143,7143
212,7143,7143
222,7143,7143
232,7143,7143
242,7143,7143
252,7143,7143
262,7143,7143
272,7143,7143
282,7143,7143
292,7143,7143
302,7143,7143
312,7143,7143
322,7143,7143
332,7143,7143
342,7143,7143
352,7143,7143
362,7143,7143
372,7143,7143
382,7143,7143
392,7143,7143
402,7143,7143
412,7143,7143
422,7143,7143
432,7143,7143
442,7143,7143
452,7143,7143
462,7143,7143
472,7143,7143
482,7143,7143
492,7143,7143
502,7143,7143
512,7143,7143
522,7143,7143
532,7143,7143
542,7143,7143
552,7143,7143
562,7143,7143
572,7143,7143
582,7143,7143
592,7143,7143
602,7143,7143
612,7143,7143
622,7143,7143
632,7143,7143
642,7143,7143
652,7143,7143
662,7143,7143
672,7143,7143
682,7143,7143
692,7143,7143
100,7143,7143
146,7143,7143
146,7143,7143
146,7143,7143
146,7143,7143
154,7143,7143
162,7143,7143
172,7143,7143
182,7143,7143
192,7143,7143
202,7143,7143
212,7143,7143
222,7143,7143
232,7143,7143
242,7143,7143
252,7143,7143
262,7143,7143
272,7143,7143
282,7143,7143
292,7143,7143
302,7143,7143
312,7143,7143
322,7143,7143
332,7143,7143
342,7143,7143
352,7143,7143
362,7143,7143
372,7143,7143
382,7143,7143
392,7143,7143
402,7143,7143
412,7143,7143
422,7143,7143
432,7143,7143
442,7143,7143
452,7143,7143
462,7143,7143
472,7143,7143
482,7143,7143
492,7143,7143
502,7143,7143
512,7143,7143
522,7143,7143
532,7143,7143
542,7143,7143
552,7143,7143
562,7143,7143
572,7143,7143
582,7143,7143
592,7143,7143
602,7143,7143
612,7143,7143
622,7143,7143
632,7143,7143
642,7143,7143
652,7143,7143
662,7143,7143
672,7143,7143
682,7143,7143
692,7143,7143
146,7143,7143
146,7143,7143
146,7143,7143
146,7143,7143
154,7143,7143
162,7143,7143
172,7143,7143
182,7143,7143
192,7143,7143
202,7143,7143
212,7143,7143
222,7143,7143
232,7143,7143
242,7143,7143
252,7143,7143
262,7143,7143
272,7143,7143
282,7143,7143
292,7143,7143
302,7143,7143
312,7143,7143
322,7143,7143
332,7143,7143
342,7143,7143
352,7143,7143
362,7143,7143
372,7143,7143
382,7143,7143
392,7143,7143
402,7143,7143
412,7143,7143
422,7143,7143
432,7143,7143
442,7143,7143
452,7143,7143
462,7143,7143
472,7143,7143
482,7143,7143
492,7143,7143
502,7143,7143
512,7143,7143
522,7143,7143
532,7143,7143
542,7143,7143
552,7143,7143
562,7143,7143
572,7143,7143
582,7143,7143
592,7143,7143
602,7143,7143
612,7143,7143
622,7143,7143
632,7143,7143
642,7143,7143
652,7143,7143
662,7143,7143
672,7143,7143
682,7143,7143
692,7143,7143
100,7141,7141
146,7141,7141
146,7141,7141
146,7141,7141
146,7141,7141
154,7141,7141
162,7141,7141
172,7141,7141
182,7141,7141
192,7141,7141
202,7141,7141
212,7141,7141
222,7141,7141
232,7141,7141
242,7141,7141
252,7141,7141
262,7141,7141
272,7141,7141
282,7141,7141
292,7141,7141
302,7141,7141
312,7141,7141
322,7141,7141
332,7141,7141
342,7141,7141
352,7141,7141
362,7141,7141
372,7141,7141
382,7141,7141
392,7141,7141
402,7141,7141
412,7141,7141
422,7141,7141
432,7141,7141
442,7141,7141
452,7141,7141
462,7141,7141
472,7141,7141
482,7141,7141
492,7141,7141
502,7141,7141
512,7141,7141
522,7141,7141
532,7141,7141
542,7141,7141
552,7141,7141
562,7141,7141
572,7141,7141
582,7141,7141
592,7141,7141
602,7141,7141
612,7141,7141
622,7141,7141
632,7141,7141
642,7141,7141
652,7141,7141
662,7141,7141
672,7141,7141
682,7141,7141
692,7141,7141
100,7143,7143
146,7143,7143
146,7143,7143
146,7143,7143
146,7143,7143
154,7143,7143
162,7143,7143
172,7143,7143
182,7143,7143
192,7143,7143
202,7143,7143
212,7143,7143
222,7143,7143
232,7143,7143
242,7143,7143
252,7143,7143
262,7143,7143
272,7143,7143
282,7143,7143
292,7143,7143
302,7143,7143
312,7143,7143
322,7143,7143
332,7143,7143
342,7143,7143
352,7143,7143
362,7143,7143
372,7143,7143
382,7143,7143
392,7143,7143
402,7143,7143
412,7143,7143
422,7143,7143
432,7143,7143
442,7143,7143
452,7143,7143
462,7143,7143
472,7143,7143
482,7143,7143
492,7143,7143
502,7143,7143
512,7143,7143
522,7143,7143
532,7143,7143
542,7143,7143
552,7143,7143
562,7143,7143
572,7143,7143
582,7143,7143
592,7143,7143
602,7143,7143
612,7143,7143
622,7143,7143
632,7143,7143
642,7143,7143
652,7143,7143
662,7143,7143
672,7143,7143
682,7143,7143
692,7143,7143
146,7143,7143
146,7143,7143
146,7143,7143
146,7143,7143
154,7143,7143
162,7143,7143
172,7143,7143
182,7143,7143
192,7143,7143
202,7143,7143
212,7143,7143
222,7143,7143
232,7143,7143
242,7143,7143
252,7143,7143
262,7143,7143
272,7143,7143
282,7143,7143
292,7143,7143
302,7143,7143
312,7143,7143
322,7143,7143
332,7143,7143
342,7143,7143
352,7143,7143
362,7143,7143
372,7143,7143
382,7143,7143
392,7143,7143
402,7143,7143
412,7143,7143
422,7143,7143
432,7143,7143
442,7143,7143
452,7143,7143
462,7143,7143
472,7143,7143
482,7143,7143
492,7143,7143
502,7143,7143
512,7143,7143
522,7143,7143
532,7143,7143
542,7143,7143
552,7143,7143
562,7143,7143
572,7143,7143
582,7143,7143
592,7143,7143
602,7143,7143
612,7143,7143
622,7143,7143
632,7143,7143
642,7143,7143
652,7143,7143
662,7143,7143
672,7143,7143
682,7143,7143
692,7143,7143
702,7143,7143
146,7143,7143
146,7143,7143
146,7143,7143
146,7143,7143
154,7143,7143
162,7143,7143
172,7143,7143
182,7143,7143
192,7143,7143
202,7143,7143
212,7143,7143
222,7143,7143
232,7143,7143
242,7143,7143
242,7143,7143
252,7143,7143
262,7143,7143
272,7143,7143
282,7143,7143
292,7143,7143
302,7143,7143
312,7143,7143
322,7143,7143
332,7143,7143
342,7143,7143
352,7143,7143
362,7143,7143
372,7143,7143
382,7143,7143
392,7143,7143
402,7143,7143
412,7143,7143
422,7143,7143
432,7143,7143
442,7143,7143
452,7143,7143
462,7143,7143
472,7143,7143
482,7143,7143
492,7143,7143
502,7143,7143
512,7143,7143
522,7143,7143
532,7143,7143
542,7143,7143
552,7143,7143
562,7143,7143
572,7143,7143
582,7143,7143
592,7143,7143
602,7143,7143
612,7143,7143
622,7143,7143
632,7143,7143
642,7143,7143
652,7143,7143
662,7143,7143
672,7143,7143
682,7143,7143
692,7143,7143
100,7141,7141
146,7141,7141
146,7141,7141
146,7141,7141
146,7141,7141
154,7141,7141
162,7141,7141
172,7141,7141
182,7141,7141
192,7141,7141
202,7141,7141
212,7141,7141
222,7141,7141
232,7141,7141
242,7141,7141
252,7141,7141
262,7141,7141
272,7141,7141
282,7141,7141
292,7141,7141
302,7141,7141
312,7141,7141
322,7141,7141
332,7141,7141
342,7141,7141
352,7141,7141
362,7141,7141
372,7141,7141
382,7141,7141
392,7141,7141
402,7141,7141
412,7141,7141
422,7141,7141
432,7141,7141
442,7141,7141
452,7141,7141
462,7141,7141
472,7141,7141
482,7141,7141
492,7141,7141
502,7141,7141
512,7141,7141
522,7141,7141
532,7141,7141
542,7141,7141
552,7141,7141
562,7141,7141
572,7141,7141
582,7141,7141
592,7141,7141
602,7141,7141
612,7141,7141
622,7141,7141
632,7141,7141
642,7141,7141
652,7141,7141
662,7141,7141
672,7141,7141
682,7141,7141
692,7141,7141
146,7142,7142
146,7142,7142
146,7142,7142
146,7142,7142
154,7142,7142
162,7142,7142
172,7142,7142
182,7142,7142
192,7142,7142
202,7142,7142
212,7142,7142
222,7142,7142
232,7142,7142
242,7142,7142
252,7142,7142
262,7142,7142
272,7142,7142
282,7142,7142
292,7142,7142
302,7142,7142
312,7142,7142
322,7142,7142
332,7142,7142
342,7142,7142
352,7142,7142
362,7142,7142
372,7142,7142
382,7142,7142
392,7142,7142
402,7142,7142
412,7142,7142
422,7142,7142
432,7142,7142
442,7142,7142
452,7142,7142
462,7142,7142
472,7142,7142
482,7142,7142
492,7142,7142
502,7142,7142
512,7142,7142
522,7142,7142
532,7142,7142
542,7142,7142
552,7142,7142
562,7142,7142
572,7142,7142
582,7142,7142
592,7142,7142
602,7142,7142
612,7142,7142
622,7142,7142
632,7142,7142
642,7142,7142
652,7142,7142
662,7142,7142
672,7142,7142
682,7142,7142
692,7142,7142
100,7142,7142
146,7142,7142
146,7142,7142
146,7142,7142
146,7142,7142
154,7142,7142
162,7142,7142
172,7142,7142
182,7142,7142
192,7142,7142
202,7142,7142
212,7142,7142
222,7142,7142
232,7142,7142
242,7142,7142
252,7142,7142
262,7142,7142
272,7142,7142
282,7142,7142
292,7142,7142
302,7142,7142
312,7142,7142
322,7142,7142
332,7142,7142
342,7142,7142
352,7142,7142
362,7142,7142
372,7142,7142
382,7142,7142
392,7142,7142
402,7142,7142
412,7142,7142
422,7142,7142
432,7142,7142
442,7142,7142
452,7142,7142
462,7142,7142
472,7142,7142
482,7142,7142
492,7142,7142
502,7142,7142
512,7142,7142
522,7142,7142
532,7142,7142
542,7142,7142
552,7142,7142
562,7142,7142
572,7142,7142
582,7142,7142
592,7142,7142
602,7142,7142
612,7142,7142
622,7142,7142
632,7142,7142
642,7142,7142
652,7142,7142
662,7142,7142
672,7142,7142
682,7142,7142
692,7142,7142
100,7142,7142
146,7142,7142
146,7142,7142
146,7142,7142
146,7142,7142
154,7142,7142
162,7142,7142
172,7142,7142
182,7142,7142
192,7142,7142
202,7142,7142
212,7142,7142
222,7142,7142
232,7142,7142
242,7142,7142
252,7142,7142
262,7142,7142
272,7142,7142
282,7142,7142
292,7142,7142
302,7142,7142
312,7142,7142
322,7142,7142
332,7142,7142
342,7142,7142
352,7142,7142
362,7142,7142
372,7142,7142
382,7142,7142
392,7142,7142
402,7142,7142
412,7142,7142
422,7142,7142
432,7142,7142
442,7142,7142
452,7142,7142
462,7142,7142
472,7142,7142
482,7142,7142
492,7142,7142
502,7142,7142
512,7142,7142
522,7142,7142
532,7142,7142
542,7142,7142
552,7142,7142
562,7142,7142
572,7142,7142
582,7142,7142
592,7142,7142
602,7142,7142
612,7142,7142
622,7142,7142
632,7142,7142
642,7142,7142
652,7142,7142
662,7142,7142
672,7142,7142
682,7142,7142
692,7142,7142
146,7142,7142
146,7142,7142
146,7142,7142
146,7142,7142
154,7142,7142
162,7142,7142
172,7142,7142
182,7142,7142
192,7142,7142
202,7142,7142
212,7142,7142
222,7142,7142
232,7142,7142
242,7142,7142
252,7142,7142
262,7142,7142
272,7142,7142
282,7142,7142
292,7142,7142
302,7142,7142
312,7142,7142
322,7142,7142
332,7142,7142
342,7142,7142
352,7142,7142
362,7142,7142
372,7142,7142
382,7142,7142
392,7142,7142
402,7142,7142
412,7142,7142
422,7142,7142
432,7142,7142
442,7142,7142
452,7142,7142
462,7142,7142
472,7142,7142
482,7142,7142
492,7142,7142
502,7142,7142
512,7142,7142
522,7142,7142
532,7142,7142
542,7142,7142
552,7142,7142
562,7142,7142
572,7142,7142
582,7142,7142
592,7142,7142
602,7142,7142
612,7142,7142
622,7142,7142
632,7142,7142
642,7142,7142
652,7142,7142
662,7142,7142
672,7142,7142
682,7142,7142
692,7142,7142
702,7142,7142
146,7141,7141
146,7141,7141
146,7141,7141
146,7141,7141
154,7141,7141
162,7141,7141
172,7141,7141
182,7141,7141
192,7141,7141
202,7141,7141
212,7141,7141
222,7141,7141
232,7141,7141
242,7141,7141
252,7141,7141
262,7141,7141
272,7141,7141
282,7141,7141
292,7141,7141
302,7141,7141
312,7141,7141
322,7141,7141
332,7141,7141
342,7141,7141
352,7141,7141
362,7141,7141
372,7141,7141
382,7141,7141
392,7141,7141
402,7141,7141
412,7141,7141
422,7141,7141
432,7141,7141
442,7141,7141
452,7141,7141
462,7141,7141
472,7141,7141
482,7141,7141
492,7141,7141
502,7141,7141
512,7141,7141
522,7141,7141
532,7141,7141
532,7141,7141
542,7141,7141
552,7141,7141
562,7141,7141
572,7141,7141
582,7141,7141
592,7141,7141
602,7141,7141
612,7141,7141
622,7141,7141
632,7141,7141
642,7141,7141
652,7141,7141
662,7141,7141
672,7141,7141
682,7141,7141
692,7141,7141
100,7142,7142
146,7142,7142
146,7142,7142
146,7142,7142
146,7142,7142
154,7142,7142
162,7142,7142
172,7142,7142
182,7142,7142
192,7142,7142
202,7142,7142
212,7142,7142
222,7142,7142
232,7142,7142
242,7142,7142
252,7142,7142
262,7142,7142
272,7142,7142
282,7142,7142
292,7142,7142
302,7142,7142
312,7142,7142
322,7142,7142
332,7142,7142
342,7142,7142
352,7142,7142
362,7142,7142
372,7142,7142
382,7142,7142
392,7142,7142
402,7142,7142
412,7142,7142
422,7142,7142
432,7142,7142
442,7142,7142
452,7142,7142
462,7142,7142
472,7142,7142
482,7142,7142
492,7142,7142
502,7142,7142
512,7142,7142
522,7142,7142
532,7142,7142
542,7142,7142
552,7142,7142
562,7142,7142
572,7142,7142
582,7142,7142
592,7142,7142
602,7142,7142
612,7142,7142
622,7142,7142
632,7142,7142
642,7142,7142
652,7142,7142
662,7142,7142
672,7142,7142
682,7142,7142
100,7142,7142
146,7142,7142
146,7142,7142
146,7142,7142
146,7142,7142
154,7142,7142
162,7142,7142
172,7142,7142
182,7142,7142
192,7142,7142
202,7142,7142
212,7142,7142
222,7142,7142
232,7142,7142
242,7142,7142
252,7142,7142
262,7142,7142
272,7142,7142
282,7142,7142
292,7142,7142
302,7142,7142
312,7142,7142
322,7142,7142
332,7142,7142
342,7142,7142
352,7142,7142
362,7142,7142
372,7142,7142
382,7142,7142
392,7142,7142
402,7142,7142
412,7142,7142
422,7142,7142
432,7142,7142
442,7142,7142
452,7142,7142
462,7142,7142
472,7142,7142
482,7142,7142
492,7142,7142
502,7142,7142
512,7142,7142
522,7142,7142
532,7142,7142
542,7142,7142
552,7142,7142
562,7142,7142
572,7142,7142
582,7142,7142
592,7142,7142
602,7142,7142
612,7142,7142
622,7142,7142
632,7142,7142
642,7142,7142
652,7142,7142
662,7142,7142
672,7142,7142
682,7142,7142
692,7142,7142
100,7142,7142
146,7142,7142
146,7142,7142
146,7142,7142
146,7142,7142
154,7142,7142
162,7142,7142
172,7142,7142
182,7142,7142
192,7142,7142
202,7142,7142
212,7142,7142
222,7142,7142
232,7142,7142
242,7142,7142
252,7142,7142
262,7142,7142
272,7142,7142
282,7142,7142
292,7142,7142
302,7142,7142
312,7142,7142
322,7142,7142
332,7142,7142
342,7142,7142
352,7142,7142
362,7142,7142
372,7142,7142
382,7142,7142
392,7142,7142
402,7142,7142
412,7142,7142
422,7142,7142
432,7142,7142
442,7142,7142
452,7142,7142
462,7142,7142
472,7142,7142
482,7142,7142
492,7142,7142
502,7142,7142
512,7142,7142
522,7142,7142
532,7142,7142
542,7142,7142
552,7142,7142
562,7142,7142
572,7142,7142
582,7142,7142
592,7142,7142
602,7142,7142
612,7142,7142
622,7142,7142
632,7142,7142
642,7142,7142
652,7142,7142
662,7142,7142
672,7142,7142
682,7142,7142
692,7142,7142
100,7142,7142
146,7142,7142
146,7142,7142
146,7142,7142
146,7142,7142
154,7142,7142
162,7142,7142
172,7142,7142
182,7142,7142
192,7142,7142
202,7142,7142
212,7142,7142
222,7142,7142
232,7142,7142
242,7142,7142
252,7142,7142
262,7142,7142
272,7142,7142
282,7142,7142
292,7142,7142
302,7142,7142
312,7142,7142
322,7142,7142
332,7142,7142
342,7142,7142
352,7142,7142
362,7142,7142
372,7142,7142
382,7142,7142
392,7142,7142
402,7142,7142
412,7142,7142
422,7142,7142
432,7142,7142
442,7142,7142
452,7142,7142
462,7142,7142
472,7142,7142
482,7142,7142
492,7142,7142
502,7142,7142
512,7142,7142
522,7142,7142
532,7142,7142
542,7142,7142
552,7142,7142
562,7142,7142
572,7142,7142
582,7142,7142
592,7142,7142
602,7142,7142
612,7142,7142
622,7142,7142
632,7142,7142
642,7142,7142
652,7142,7142
662,7142,7142
672,7142,7142
682,7142,7142
692,7142,7142
146,7142,7142
146,7142,7142
146,7142,7142
146,7142,7142
154,7142,7142
162,7142,7142
172,7142,7142
182,7142,7142
192,7142,7142
202,7142,7142
212,7142,7142
222,7142,7142
232,7142,7142
242,7142,7142
252,7142,7142
262,7142,7142
272,7142,7142
282,7142,7142
292,7142,7142
302,7142,7142
312,7142,7142
322,7142,7142
332,7142,7142
342,7142,7142
352,7142,7142
362,7142,7142
372,7142,7142
382,7142,7142
392,7142,7142
402,7142,7142
412,7142,7142
422,7142,7142
432,7142,7142
442,7142,7142
452,7142,7142
462,7142,7142
472,7142,7142
482,7142,7142
492,7142,7142
502,7142,7142
512,7142,7142
522,7142,7142
532,7142,7142
542,7142,7142
552,7142,7142
562,7142,7142
572,7142,7142
582,7142,7142
592,7142,7142
602,7142,7142
612,7142,7142
622,7142,7142
632,7142,7142
642,7142,7142
652,7142,7142
662,7142,7142
672,7142,7142
682,7142,7142
692,7142,7142
702,7142,7142
146,7142,7142
146,7142,7142
146,7142,7142
146,7142,7142
154,7142,7142
162,7142,7142
172,7142,7142
182,7142,7142
192,7142,7142
202,7142,7142
212,7142,7142
222,7142,7142
232,7142,7142
242,7142,7142
252,7142,7142
262,7142,7142
272,7142,7142
282,7142,7142
292,7142,7142
302,7142,7142
312,7142,7142
322,7142,7142
332,7142,7142
342,7142,7142
352,7142,7142
362,7142,7142
372,7142,7142
382,7142,7142
392,7142,7142
402,7142,7142
412,7142,7142
422,7142,7142
432,7142,7142
442,7142,7142
442,7142,7142
452,7142,7142
462,7142,7142
472,7142,7142
482,7142,7142
492,7142,7142
502,7142,7142
512,7142,7142
522,7142,7142
532,7142,7142
542,7142,7142
552,7142,7142
562,7142,7142
572,7142,7142
582,7142,7142
592,7142,7142
602,7142,7142
612,7142,7142
622,7142,7142
632,7142,7142
642,7142,7142
652,7142,7142
662,7142,7142
672,7142,7142
682,7142,7142
692,7142,7142
146,7142,7142
146,7142,7142
146,7142,7142
146,7142,7142
154,7142,7142
162,7142,7142
172,7142,7142
182,7142,7142
192,7142,7142
202,7142,7142
212,7142,7142
222,7142,7142
232,7142,7142
242,7142,7142
252,7142,7142
262,7142,7142
272,7142,7142
282,7142,7142
292,7142,7142
302,7142,7142
312,7142,7142
322,7142,7142
332,7142,7142
342,7142,7142
352,7142,7142
362,7142,7142
372,7142,7142
382,7142,7142
392,7142,7142
402,7142,7142
412,7142,7142
422,7142,7142
432,7142,7142
442,7142,7142
452,7142,7142
462,7142,7142
472,7142,7142
482,7142,7142
492,7142,7142
502,7142,7142
512,7142,7142
522,7142,7142
532,7142,7142
542,7142,7142
552,7142,7142
562,7142,7142
572,7142,7142
582,7142,7142
592,7142,7142
602,7142,7142
612,7142,7142
622,7142,7142
632,7142,7142
642,7142,7142
652,7142,7142
662,7142,7142
672,7142,7142
682,7142,7142
692,7142,7142
100,7141,7141
146,7141,7141
146,7141,7141
146,7141,7141
146,7141,7141
154,7141,7141
162,7141,7141
172,7141,7141
182,7141,7141
192,7141,7141
202,7141,7141
212,7141,7141
222,7141,7141
232,7141,7141
242,7141,7141
252,7141,7141
262,7141,7141
272,7141,7141
282,7141,7141
292,7141,7141
302,7141,7141
312,7141,7141
322,7141,7141
332,7141,7141
342,7141,7141
352,7141,7141
362,7141,7141
372,7141,7141
382,7141,7141
392,7141,7141
402,7141,7141
412,7141,7141
422,7141,7141
432,7141,7141
442,7141,7141
452,7141,7141
462,7141,7141
472,7141,7141
482,7141,7141
492,7141,7141
502,7141,7141
512,7141,7141
522,7141,7141
532,7141,7141
542,7141,7141
552,7141,7141
562,7141,7141
572,7141,7141
582,7141,7141
592,7141,7141
602,7141,7141
612,7141,7141
622,7141,7141
632,7141,7141
642,7141,7141
652,7141,7141
662,7141,7141
672,7141,7141
682,7141,7141
692,7141,7141
100,7141,7141
146,7141,7141
146,7141,7141
146,7141,7141
146,7141,7141
154,7141,7141
162,7141,7141
172,7141,7141
182,7141,7141
192,7141,7141
202,7141,7141
212,7141,7141
222,7141,7141
232,7141,7141
242,7141,7141
252,7141,7141
262,7141,7141
