# Command line arguments:  -XX:+UseG1GC -Xmx7g  Program arguments:  --manual_gc --:object_activity 

used memory, total memory, maximum memory
1,256,7168
135,256,7168
175,275,7168
215,344,7168
282,425,7168
380,930,7168
638,947,7168
643,959,7168
595,991,7168
686,1036,7168
707,1181,7168
787,1255,7168
836,1406,7168
998,1516,7168
1089,1636,7168
1073,1732,7168
1170,1829,7168
1327,1996,7168
1367,2113,7168
1537,2305,7168
1572,2446,7168
1776,2666,7168
1759,2697,7168
1780,2715,7168
1799,2733,7168
1815,2745,7168
1821,2754,7168
1705,2802,7168
1802,2802,7168
1845,2820,7168
1884,2856,7168
1940,2907,7168
1780,2927,7168
1848,2927,7168
1877,2927,7168
2007,3017,7168
1881,3044,7168
1959,3044,7168
2102,3155,7168
2179,3279,7168
2285,3427,7168
2294,3496,7168
2334,3532,7168
2353,3550,7168
2347,3615,7168
2313,3772,7168
2511,3820,7168
2422,3945,7168
2541,4098,7168
2758,4176,7168
2780,4197,7168
2794,4276,7168
2841,4318,7168
2722,4439,7168
2804,4439,7168
2844,4439,7168
2937,4475,7168
3056,4583,7168
2975,4602,7168
3132,4791,7168
3280,4993,7168
3269,5131,7168
3388,5164,7168
3336,5331,7168
3518,5511,7168
3543,5710,7168
3752,5722,7168
3820,5785,7168
3879,5839,7168
3897,5854,7168
3913,5869,7168
3934,5891,7168
3732,5906,7168
3815,6124,7168
4208,6304,7168
4190,6374,7168
4199,6383,7168
4207,6389,7168
4220,6401,7168
4326,6497,7168
3,8,7168
255,377,7168
265,390,7168
275,403,7168
285,416,7168
295,429,7168
305,442,7168
305,442,7168
315,455,7168
325,468,7168
335,481,7168
345,494,7168
345,494,7168
355,507,7168
365,520,7168
375,533,7168
385,546,7168
395,559,7168
405,572,7168
415,585,7168
425,598,7168
435,611,7168
445,624,7168
455,637,7168
465,650,7168
475,663,7168
485,676,7168
495,689,7168
505,702,7168
515,715,7168
525,728,7168
535,741,7168
545,754,7168
545,754,7168
555,767,7168
565,780,7168
575,793,7168
585,806,7168
595,819,7168
605,832,7168
615,845,7168
625,858,7168
635,871,7168
645,884,7168
655,897,7168
665,910,7168
675,923,7168
685,936,7168
695,949,7168
705,962,7168
715,975,7168
725,988,7168
735,1001,7168
745,1014,7168
755,1027,7168
765,1040,7168
775,1053,7168
785,1066,7168
795,1079,7168
805,1092,7168
815,1105,7168
825,1118,7168
835,1131,7168
845,1144,7168
855,1157,7168
865,1170,7168
875,1183,7168
885,1196,7168
895,1209,7168
905,1222,7168
915,1235,7168
925,1248,7168
935,1261,7168
945,1274,7168
955,1287,7168
965,1300,7168
975,1313,7168
985,1326,7168
995,1339,7168
1005,1352,7168
1015,1365,7168
1025,1378,7168
1035,1391,7168
1045,1404,7168
1055,1417,7168
1065,1430,7168
1075,1443,7168
1085,1456,7168
1095,1469,7168
1105,1482,7168
1115,1495,7168
1125,1508,7168
1135,1521,7168
1145,1534,7168
1155,1547,7168
1165,1560,7168
1175,1573,7168
1185,1586,7168
1195,1599,7168
1205,1612,7168
1215,1625,7168
1225,1638,7168
1235,1651,7168
1245,1664,7168
1255,1677,7168
1265,1690,7168
1275,1703,7168
1285,1716,7168
1295,1729,7168
1305,1742,7168
1315,1755,7168
1325,1768,7168
1335,1781,7168
1345,1794,7168
1355,1807,7168
109,2887,7168
119,2887,7168
129,2887,7168
139,2887,7168
149,2887,7168
159,2887,7168
169,2887,7168
179,2887,7168
189,2887,7168
191,2887,7168
199,2887,7168
209,2887,7168
219,2887,7168
229,2887,7168
239,2887,7168
249,2887,7168
259,2887,7168
269,2887,7168
279,2887,7168
289,2887,7168
299,2887,7168
309,2887,7168
319,2887,7168
329,2887,7168
339,2887,7168
349,2887,7168
359,2887,7168
369,2887,7168
379,2887,7168
389,2887,7168
399,2887,7168
409,2887,7168
419,2887,7168
429,2887,7168
439,2887,7168
449,2887,7168
459,2887,7168
469,2887,7168
479,2887,7168
489,2887,7168
499,2887,7168
509,2887,7168
519,2887,7168
529,2887,7168
539,2887,7168
549,2887,7168
559,2887,7168
569,2887,7168
579,2887,7168
589,2887,7168
599,2887,7168
609,2887,7168
619,2887,7168
629,2887,7168
639,2887,7168
649,2887,7168
659,2887,7168
669,2887,7168
679,2887,7168
689,2887,7168
699,2887,7168
709,2887,7168
719,2887,7168
729,2887,7168
739,2887,7168
749,2887,7168
759,2887,7168
769,2887,7168
779,2887,7168
789,2887,7168
799,2887,7168
809,2887,7168
819,2887,7168
829,2887,7168
839,2887,7168
849,2887,7168
859,2887,7168
869,2887,7168
879,2887,7168
889,2887,7168
899,2887,7168
909,2887,7168
919,2887,7168
929,2887,7168
939,2887,7168
949,2887,7168
959,2887,7168
969,2887,7168
979,2887,7168
981,2887,7168
108,2887,7168
119,2887,7168
129,2887,7168
139,2887,7168
149,2887,7168
159,2887,7168
169,2887,7168
179,2887,7168
189,2887,7168
199,2887,7168
209,2887,7168
219,2887,7168
229,2887,7168
239,2887,7168
249,2887,7168
259,2887,7168
269,2887,7168
279,2887,7168
289,2887,7168
299,2887,7168
309,2887,7168
319,2887,7168
329,2887,7168
339,2887,7168
349,2887,7168
359,2887,7168
369,2887,7168
379,2887,7168
389,2887,7168
399,2887,7168
409,2887,7168
419,2887,7168
429,2887,7168
439,2887,7168
449,2887,7168
459,2887,7168
469,2887,7168
479,2887,7168
489,2887,7168
499,2887,7168
509,2887,7168
519,2887,7168
529,2887,7168
539,2887,7168
549,2887,7168
559,2887,7168
569,2887,7168
579,2887,7168
589,2887,7168
599,2887,7168
609,2887,7168
619,2887,7168
629,2887,7168
639,2887,7168
649,2887,7168
659,2887,7168
669,2887,7168
679,2887,7168
689,2887,7168
699,2887,7168
709,2887,7168
719,2887,7168
729,2887,7168
739,2887,7168
749,2887,7168
759,2887,7168
769,2887,7168
779,2887,7168
789,2887,7168
799,2887,7168
809,2887,7168
819,2887,7168
829,2887,7168
839,2887,7168
849,2887,7168
859,2887,7168
869,2887,7168
879,2887,7168
889,2887,7168
899,2887,7168
909,2887,7168
919,2887,7168
929,2887,7168
939,2887,7168
949,2887,7168
959,2887,7168
969,2887,7168
979,2887,7168
989,2887,7168
999,2887,7168
1009,2887,7168
1019,2887,7168
1029,2887,7168
1039,2887,7168
1049,2887,7168
1059,2887,7168
1069,2887,7168
1079,2887,7168
1089,2887,7168
1099,2887,7168
1109,2887,7168
1119,2887,7168
1129,2887,7168
1139,2887,7168
1149,2887,7168
1159,2887,7168
1169,2887,7168
1179,2887,7168
1189,2887,7168
1199,2887,7168
1209,2887,7168
1219,2887,7168
1229,2887,7168
1239,2887,7168
1249,2887,7168
1259,2887,7168
1269,2887,7168
1279,2887,7168
1289,2887,7168
1299,2887,7168
1309,2887,7168
1319,2887,7168
1329,2887,7168
1339,2887,7168
1349,2887,7168
1359,2887,7168
1369,2887,7168
1379,2887,7168
1389,2887,7168
1399,2887,7168
1409,2887,7168
1419,2887,7168
1429,2887,7168
1439,2887,7168
1449,2887,7168
1459,2887,7168
1469,2887,7168
1479,2887,7168
1489,2887,7168
1499,2887,7168
1509,2887,7168
1519,2887,7168
1529,2887,7168
1539,2887,7168
1549,2887,7168
1559,2887,7168
1569,2887,7168
1579,2887,7168
1589,2887,7168
1599,2887,7168
1609,2887,7168
1619,2887,7168
1629,2887,7168
1639,2887,7168
1649,2887,7168
1659,2887,7168
1669,2887,7168
1679,2887,7168
1689,2887,7168
1699,2887,7168
1709,2887,7168
1719,2887,7168
1729,2887,7168
1739,2887,7168
1749,2887,7168
1759,2887,7168
1769,2887,7168
1779,2887,7168
1789,2887,7168
1799,2887,7168
1809,2887,7168
1819,2887,7168
1829,2887,7168
1839,2887,7168
1849,2887,7168
1859,2887,7168
1869,2887,7168
1879,2887,7168
1889,2887,7168
1899,2887,7168
1909,2887,7168
1919,2887,7168
1929,2887,7168
1939,2887,7168
1949,2887,7168
1959,2887,7168
1969,2887,7168
1979,2887,7168
1989,2887,7168
1989,2887,7168
1999,2887,7168
2009,2887,7168
2019,2887,7168
2029,2887,7168
2039,2887,7168
2049,2887,7168
2059,2887,7168
2069,2887,7168
2079,2887,7168
2089,2887,7168
2099,2887,7168
2109,2887,7168
2119,2887,7168
2129,2887,7168
2139,2887,7168
2149,2887,7168
2159,2887,7168
2169,2887,7168
2179,2887,7168
2189,2892,7168
2199,2905,7168
2209,2918,7168
2219,2931,7168
2229,2944,7168
2239,2957,7168
2249,2970,7168
2259,2983,7168
2269,2996,7168
2279,3009,7168
2289,3022,7168
2299,3035,7168
2309,3048,7168
2319,3061,7168
2329,3074,7168
2339,3087,7168
2349,3100,7168
2359,3113,7168
2369,3126,7168
2379,3139,7168
2389,3152,7168
2399,3165,7168
2409,3178,7168
2419,3191,7168
2429,3204,7168
2439,3217,7168
2449,3230,7168
2459,3243,7168
2469,3256,7168
2479,3269,7168
2489,3282,7168
2499,3295,7168
2509,3308,7168
2519,3321,7168
2529,3334,7168
2539,3347,7168
2549,3360,7168
2559,3373,7168
2569,3386,7168
2579,3399,7168
2589,3412,7168
2599,3425,7168
2609,3438,7168
2619,3451,7168
2629,3464,7168
2639,3477,7168
2649,3490,7168
2659,3503,7168
2669,3516,7168
2679,3529,7168
2689,3542,7168
2699,3555,7168
2709,3568,7168
2719,3581,7168
2729,3594,7168
2739,3607,7168
2749,3620,7168
2759,3633,7168
2769,3646,7168
2779,3659,7168
2789,3672,7168
2799,3685,7168
2809,3698,7168
2819,3711,7168
2829,3724,7168
2839,3737,7168
2849,3750,7168
2859,3763,7168
2869,3776,7168
2879,3789,7168
2889,3802,7168
2899,3815,7168
2909,3828,7168
2919,3841,7168
2929,3854,7168
2939,3867,7168
2949,3880,7168
2959,3893,7168
2969,3906,7168
2979,3919,7168
2989,3932,7168
2999,3945,7168
3009,3958,7168
3019,3971,7168
3029,3984,7168
3039,3997,7168
3049,4010,7168
3059,4023,7168
3069,4036,7168
3079,4049,7168
3089,4062,7168
3099,4075,7168
3109,4088,7168
3119,4101,7168
3129,4114,7168
3139,4127,7168
3149,4140,7168
3159,4153,7168
3169,4166,7168
3179,4179,7168
3189,4192,7168
3199,4205,7168
3209,4218,7168
3219,4231,7168
3229,4244,7168
3239,4257,7168
3249,4270,7168
3259,4283,7168
3269,4296,7168
3269,4296,7168
3279,4309,7168
3289,4322,7168
3299,4335,7168
3309,4348,7168
3319,4361,7168
3329,4374,7168
3339,4387,7168
3349,4400,7168
3359,4413,7168
3369,4426,7168
3379,4439,7168
3389,4452,7168
3399,4465,7168
3409,4478,7168
3419,4491,7168
3429,4504,7168
3439,4517,7168
3449,4530,7168
3459,4543,7168
3469,4556,7168
3479,4569,7168
3489,4582,7168
3499,4595,7168
3509,4608,7168
3519,4621,7168
3529,4634,7168
3539,4647,7168
3549,4660,7168
3559,4673,7168
3569,4686,7168
3579,4699,7168
3589,4712,7168
3599,4725,7168
3609,4738,7168
3619,4751,7168
3629,4764,7168
3639,4777,7168
3649,4790,7168
3659,4803,7168
3669,4816,7168
3679,4829,7168
3689,4842,7168
3699,4855,7168
3709,4868,7168
3719,4881,7168
3729,4894,7168
3739,4907,7168
3749,4920,7168
3759,4933,7168
3769,4946,7168
3779,4959,7168
3789,4972,7168
3799,4985,7168
3809,4998,7168
3819,5011,7168
3829,5024,7168
3839,5037,7168
3849,5050,7168
3859,5063,7168
3869,5076,7168
3879,5089,7168
3889,5102,7168
3899,5115,7168
3909,5128,7168
3919,5141,7168
3929,5154,7168
3939,5167,7168
3949,5180,7168
3959,5193,7168
3969,5206,7168
3979,5219,7168
3989,5232,7168
3999,5245,7168
4009,5258,7168
4019,5271,7168
4029,5284,7168
4039,5297,7168
4049,5310,7168
4059,5323,7168
4069,5336,7168
4079,5349,7168
4089,5362,7168
4099,5375,7168
4109,5388,7168
4119,5401,7168
4129,5414,7168
4139,5427,7168
4149,5440,7168
4159,5453,7168
4169,5466,7168
4179,5479,7168
4189,5492,7168
4199,5505,7168
4209,5518,7168
4219,5531,7168
4229,5544,7168
4239,5557,7168
4249,5570,7168
4259,5583,7168
4269,5596,7168
4279,5609,7168
4289,5622,7168
4299,5635,7168
4309,5648,7168
4319,5661,7168
4329,5674,7168
4339,5687,7168
4349,5700,7168
4359,5713,7168
4369,5726,7168
4379,5739,7168
4389,5752,7168
4399,5765,7168
4401,5768,7168
4409,5778,7168
4419,5791,7168
4429,5804,7168
4439,5817,7168
4449,5830,7168
4459,5843,7168
4469,5856,7168
4479,5869,7168
4489,5882,7168
4499,5895,7168
4509,5908,7168
4519,5921,7168
4529,5934,7168
4539,5947,7168
4549,5960,7168
4559,5973,7168
4569,5986,7168
4579,5999,7168
4589,6012,7168
4599,6025,7168
4609,6038,7168
4619,6051,7168
4629,6064,7168
4639,6077,7168
4649,6090,7168
4659,6103,7168
4669,6116,7168
4679,6129,7168
4689,6142,7168
4699,6155,7168
4709,6168,7168
4719,6181,7168
4729,6194,7168
4739,6207,7168
4749,6220,7168
4759,6233,7168
4769,6246,7168
4779,6259,7168
4789,6272,7168
4799,6285,7168
4809,6298,7168
4819,6311,7168
4829,6324,7168
4839,6337,7168
4849,6350,7168
4859,6363,7168
4869,6376,7168
4879,6389,7168
4889,6402,7168
4899,6415,7168
4909,6428,7168
4919,6441,7168
4929,6454,7168
4939,6467,7168
4949,6480,7168
4959,6493,7168
4969,6506,7168
4979,6519,7168
4989,6532,7168
4999,6545,7168
5009,6558,7168
5019,6571,7168
5029,6584,7168
5039,6597,7168
5049,6610,7168
5059,6623,7168
5069,6636,7168
5079,6649,7168
5089,6662,7168
5099,6675,7168
5109,6688,7168
5119,6701,7168
5129,6714,7168
5139,6727,7168
5149,6740,7168
5159,6753,7168
5169,6766,7168
5179,6779,7168
5189,6792,7168
5199,6805,7168
5209,6818,7168
5219,6831,7168
5229,6844,7168
5239,6857,7168
5249,6870,7168
5259,6883,7168
5269,6896,7168
5279,6909,7168
5278,6912,7168
5289,6922,7168
5299,6935,7168
5309,6948,7168
5319,6961,7168
5329,6974,7168
5339,6987,7168
5349,7000,7168
5359,7013,7168
5369,7026,7168
5379,7039,7168
5389,7052,7168
5399,7065,7168
5409,7078,7168
5419,7091,7168
5429,7104,7168
5439,7117,7168
5449,7130,7168
5459,7143,7168
5469,7156,7168
108,7164,7168
119,7164,7168
129,7164,7168
139,7164,7168
149,7164,7168
159,7164,7168
169,7164,7168
179,7164,7168
189,7164,7168
199,7164,7168
209,7164,7168
219,7164,7168
229,7164,7168
239,7164,7168
249,7164,7168
259,7164,7168
269,7164,7168
279,7164,7168
289,7164,7168
299,7164,7168
309,7164,7168
319,7164,7168
329,7164,7168
339,7164,7168
349,7164,7168
359,7164,7168
369,7164,7168
379,7164,7168
389,7164,7168
399,7164,7168
409,7164,7168
419,7164,7168
429,7164,7168
439,7164,7168
449,7164,7168
459,7164,7168
469,7164,7168
479,7164,7168
489,7164,7168
499,7164,7168
509,7164,7168
519,7164,7168
529,7164,7168
539,7164,7168
549,7164,7168
559,7164,7168
569,7164,7168
579,7164,7168
579,7164,7168
589,7164,7168
599,7164,7168
609,7164,7168
619,7164,7168
629,7164,7168
639,7164,7168
649,7164,7168
659,7164,7168
669,7164,7168
679,7164,7168
689,7164,7168
699,7164,7168
709,7164,7168
719,7164,7168
729,7164,7168
739,7164,7168
749,7164,7168
759,7164,7168
769,7164,7168
779,7164,7168
789,7164,7168
799,7164,7168
809,7164,7168
819,7164,7168
829,7164,7168
839,7164,7168
849,7164,7168
859,7164,7168
869,7164,7168
879,7164,7168
889,7164,7168
899,7164,7168
909,7164,7168
919,7164,7168
929,7164,7168
939,7164,7168
949,7164,7168
959,7164,7168
969,7164,7168
979,7164,7168
989,7164,7168
999,7164,7168
1009,7164,7168
1019,7164,7168
1029,7164,7168
1039,7164,7168
1049,7164,7168
1059,7164,7168
1069,7164,7168
1079,7164,7168
1089,7164,7168
1099,7164,7168
1109,7164,7168
1119,7164,7168
1129,7164,7168
1139,7164,7168
1149,7164,7168
1159,7164,7168
1169,7164,7168
1169,7164,7168
1179,7164,7168
1189,7164,7168
1199,7164,7168
1209,7164,7168
1219,7164,7168
1229,7164,7168
1239,7164,7168
1249,7164,7168
1259,7164,7168
1269,7164,7168
1279,7164,7168
1289,7164,7168
1299,7164,7168
1309,7164,7168
1319,7164,7168
1329,7164,7168
1339,7164,7168
1349,7164,7168
1359,7164,7168
1369,7164,7168
1379,7164,7168
1389,7164,7168
1399,7164,7168
1409,7164,7168
1419,7164,7168
1429,7164,7168
1439,7164,7168
1449,7164,7168
1459,7164,7168
1469,7164,7168
1479,7164,7168
1489,7164,7168
1499,7164,7168
1509,7164,7168
1519,7164,7168
1529,7164,7168
1539,7164,7168
1549,7164,7168
1559,7164,7168
1569,7164,7168
1579,7164,7168
1589,7164,7168
1599,7164,7168
1609,7164,7168
1619,7164,7168
1629,7164,7168
1639,7164,7168
1649,7164,7168
1659,7164,7168
1669,7164,7168
1679,7164,7168
1689,7164,7168
1699,7164,7168
1709,7164,7168
1719,7164,7168
1729,7164,7168
1739,7164,7168
1749,7164,7168
1759,7164,7168
1769,7164,7168
1779,7164,7168
1789,7164,7168
1799,7164,7168
1809,7164,7168
1819,7164,7168
1829,7164,7168
1839,7164,7168
1849,7164,7168
1859,7164,7168
1869,7164,7168
1869,7164,7168
1879,7164,7168
1889,7164,7168
1899,7164,7168
1909,7164,7168
1919,7164,7168
1929,7164,7168
1939,7164,7168
1949,7164,7168
1959,7164,7168
1969,7164,7168
1979,7164,7168
1989,7164,7168
1999,7164,7168
2009,7164,7168
2019,7164,7168
2029,7164,7168
2039,7164,7168
2049,7164,7168
2059,7164,7168
2069,7164,7168
2079,7164,7168
2089,7164,7168
2099,7164,7168
2109,7164,7168
2119,7164,7168
2129,7164,7168
2139,7164,7168
2149,7164,7168
2159,7164,7168
2169,7164,7168
2179,7164,7168
2189,7164,7168
2199,7164,7168
2209,7164,7168
2219,7164,7168
2229,7164,7168
2239,7164,7168
2249,7164,7168
2259,7164,7168
2269,7164,7168
2279,7164,7168
2289,7164,7168
2299,7164,7168
2309,7164,7168
2319,7164,7168
2329,7164,7168
2339,7164,7168
2349,7164,7168
2359,7164,7168
2369,7164,7168
2379,7164,7168
2389,7164,7168
2399,7164,7168
2409,7164,7168
2419,7164,7168
2429,7164,7168
2439,7164,7168
2449,7164,7168
2459,7164,7168
108,7164,7168
119,7164,7168
129,7164,7168
139,7164,7168
149,7164,7168
159,7164,7168
169,7164,7168
179,7164,7168
189,7164,7168
199,7164,7168
209,7164,7168
219,7164,7168
229,7164,7168
239,7164,7168
249,7164,7168
259,7164,7168
269,7164,7168
279,7164,7168
289,7164,7168
299,7164,7168
299,7164,7168
309,7164,7168
319,7164,7168
329,7164,7168
339,7164,7168
349,7164,7168
359,7164,7168
369,7164,7168
379,7164,7168
389,7164,7168
399,7164,7168
409,7164,7168
419,7164,7168
429,7164,7168
439,7164,7168
449,7164,7168
459,7164,7168
469,7164,7168
479,7164,7168
489,7164,7168
499,7164,7168
509,7164,7168
519,7164,7168
529,7164,7168
539,7164,7168
549,7164,7168
559,7164,7168
569,7164,7168
579,7164,7168
589,7164,7168
599,7164,7168
609,7164,7168
619,7164,7168
629,7164,7168
639,7164,7168
649,7164,7168
659,7164,7168
669,7164,7168
679,7164,7168
689,7164,7168
699,7164,7168
709,7164,7168
719,7164,7168
729,7164,7168
739,7164,7168
749,7164,7168
759,7164,7168
769,7164,7168
779,7164,7168
789,7164,7168
799,7164,7168
809,7164,7168
819,7164,7168
829,7164,7168
839,7164,7168
849,7164,7168
859,7164,7168
869,7164,7168
879,7164,7168
889,7164,7168
899,7164,7168
909,7164,7168
919,7164,7168
929,7164,7168
939,7164,7168
949,7164,7168
959,7164,7168
969,7164,7168
979,7164,7168
989,7164,7168
999,7164,7168
1009,7164,7168
1019,7164,7168
1029,7164,7168
1039,7164,7168
1049,7164,7168
1059,7164,7168
1069,7164,7168
1079,7164,7168
1089,7164,7168
1099,7164,7168
1109,7164,7168
1119,7164,7168
1129,7164,7168
1139,7164,7168
1149,7164,7168
1159,7164,7168
1169,7164,7168
1179,7164,7168
1189,7164,7168
1199,7164,7168
1209,7164,7168
1219,7164,7168
1229,7164,7168
1239,7164,7168
1249,7164,7168
1259,7164,7168
1269,7164,7168
1279,7164,7168
1289,7164,7168
1299,7164,7168
1309,7164,7168
1319,7164,7168
1329,7164,7168
1339,7164,7168
1349,7164,7168
1359,7164,7168
1369,7164,7168
1379,7164,7168
1389,7164,7168
1399,7164,7168
1409,7164,7168
1419,7164,7168
1429,7164,7168
1439,7164,7168
1449,7164,7168
1459,7164,7168
1469,7164,7168
1479,7164,7168
1489,7164,7168
1499,7164,7168
1509,7164,7168
1519,7164,7168
1529,7164,7168
1539,7164,7168
1549,7164,7168
1559,7164,7168
1569,7164,7168
1579,7164,7168
1589,7164,7168
1599,7164,7168
1609,7164,7168
1619,7164,7168
1629,7164,7168
1639,7164,7168
1649,7164,7168
1659,7164,7168
1669,7164,7168
1679,7164,7168
1689,7164,7168
1699,7164,7168
1709,7164,7168
1719,7164,7168
1729,7164,7168
1739,7164,7168
1749,7164,7168
1759,7164,7168
1769,7164,7168
1779,7164,7168
1789,7164,7168
1799,7164,7168
1809,7164,7168
1819,7164,7168
1829,7164,7168
1839,7164,7168
1849,7164,7168
1859,7164,7168
1869,7164,7168
1879,7164,7168
1889,7164,7168
1899,7164,7168
1909,7164,7168
1919,7164,7168
1929,7164,7168
1939,7164,7168
1949,7164,7168
1959,7164,7168
1969,7164,7168
1979,7164,7168
1989,7164,7168
1999,7164,7168
2009,7164,7168
2019,7164,7168
2029,7164,7168
2039,7164,7168
2049,7164,7168
2059,7164,7168
2069,7164,7168
2079,7164,7168
2089,7164,7168
2099,7164,7168
2109,7164,7168
2119,7164,7168
2129,7164,7168
2135,7164,7168
2139,7164,7168
2149,7164,7168
2159,7164,7168
2169,7164,7168
2179,7164,7168
2189,7164,7168
2199,7164,7168
2209,7164,7168
2219,7164,7168
2229,7164,7168
2239,7164,7168
2249,7164,7168
2259,7164,7168
2269,7164,7168
2279,7164,7168
2289,7164,7168
2299,7164,7168
2309,7164,7168
2319,7164,7168
2329,7164,7168
2339,7164,7168
2349,7164,7168
2359,7164,7168
2369,7164,7168
2379,7164,7168
2389,7164,7168
2399,7164,7168
2409,7164,7168
2419,7164,7168
2429,7164,7168
2439,7164,7168
2449,7164,7168
2459,7164,7168
2469,7164,7168
2479,7164,7168
2489,7164,7168
2499,7164,7168
2509,7164,7168
2519,7164,7168
2529,7164,7168
2539,7164,7168
2549,7164,7168
2559,7164,7168
2569,7164,7168
2579,7164,7168
2589,7164,7168
2599,7164,7168
2609,7164,7168
2619,7164,7168
2629,7164,7168
2639,7164,7168
2649,7164,7168
2659,7164,7168
2669,7164,7168
2679,7164,7168
2689,7164,7168
2699,7164,7168
2709,7164,7168
2719,7164,7168
2729,7164,7168
2739,7164,7168
2749,7164,7168
2759,7164,7168
2769,7164,7168
2779,7164,7168
2789,7164,7168
2799,7164,7168
2809,7164,7168
2819,7164,7168
2829,7164,7168
2839,7164,7168
2849,7164,7168
2859,7164,7168
2869,7164,7168
2879,7164,7168
2889,7164,7168
2891,7164,7168
2899,7164,7168
2909,7164,7168
2919,7164,7168
2929,7164,7168
2939,7164,7168
2949,7164,7168
2959,7164,7168
2969,7164,7168
2979,7164,7168
2989,7164,7168
2999,7164,7168
3009,7164,7168
3019,7164,7168
3029,7164,7168
3039,7164,7168
3049,7164,7168
3059,7164,7168
3069,7164,7168
3079,7164,7168
3089,7164,7168
3099,7164,7168
3109,7164,7168
3119,7164,7168
3129,7164,7168
3139,7164,7168
3149,7164,7168
3159,7164,7168
3169,7164,7168
3179,7164,7168
3189,7164,7168
3199,7164,7168
3209,7164,7168
3219,7164,7168
3229,7164,7168
3239,7164,7168
3249,7164,7168
3259,7164,7168
3269,7164,7168
3279,7164,7168
3289,7164,7168
3299,7164,7168
3309,7164,7168
3319,7164,7168
3329,7164,7168
3339,7164,7168
3349,7164,7168
3359,7164,7168
3369,7164,7168
3379,7164,7168
3389,7164,7168
3399,7164,7168
3409,7164,7168
3419,7164,7168
3429,7164,7168
3439,7164,7168
3449,7164,7168
3459,7164,7168
3469,7164,7168
3479,7164,7168
3489,7164,7168
3499,7164,7168
3509,7164,7168
3519,7164,7168
3529,7164,7168
3539,7164,7168
3549,7164,7168
3559,7164,7168
3559,7164,7168
3569,7164,7168
3579,7164,7168
3589,7164,7168
3599,7164,7168
3609,7164,7168
3619,7164,7168
3629,7164,7168
3639,7164,7168
3649,7164,7168
3659,7164,7168
3669,7164,7168
3679,7164,7168
3689,7164,7168
3699,7164,7168
3709,7164,7168
3719,7164,7168
3729,7164,7168
3739,7164,7168
3749,7164,7168
3759,7164,7168
3769,7164,7168
3779,7164,7168
3789,7164,7168
3799,7164,7168
3809,7164,7168
3819,7164,7168
3829,7164,7168
3839,7164,7168
3849,7164,7168
3859,7164,7168
3869,7164,7168
3879,7164,7168
3889,7164,7168
3899,7164,7168
3909,7164,7168
3919,7164,7168
3929,7164,7168
3939,7164,7168
3949,7164,7168
3959,7164,7168
3969,7164,7168
3979,7164,7168
3989,7164,7168
3999,7164,7168
4009,7164,7168
4019,7164,7168
4029,7164,7168
4039,7164,7168
4049,7164,7168
4059,7164,7168
4069,7164,7168
4079,7164,7168
4089,7164,7168
4099,7164,7168
4105,7164,7168
4109,7164,7168
4119,7164,7168
4129,7164,7168
4139,7164,7168
4149,7164,7168
4159,7164,7168
4169,7164,7168
4179,7164,7168
4189,7164,7168
4199,7164,7168
4209,7164,7168
4219,7164,7168
4229,7164,7168
4239,7164,7168
4249,7164,7168
4259,7164,7168
4269,7164,7168
4279,7164,7168
4289,7164,7168
4299,7164,7168
4309,7164,7168
4319,7164,7168
4329,7164,7168
4339,7164,7168
4349,7164,7168
4359,7164,7168
4369,7164,7168
4379,7164,7168
4389,7164,7168
4399,7164,7168
4409,7164,7168
4419,7164,7168
4429,7164,7168
4439,7164,7168
4449,7164,7168
4459,7164,7168
4469,7164,7168
4479,7164,7168
4489,7164,7168
4499,7164,7168
4509,7164,7168
4519,7164,7168
4529,7164,7168
4539,7164,7168
4549,7164,7168
4559,7164,7168
4569,7164,7168
4579,7164,7168
4589,7164,7168
4599,7164,7168
4609,7164,7168
4619,7164,7168
4629,7164,7168
4639,7164,7168
4649,7164,7168
4659,7164,7168
4665,7164,7168
4669,7164,7168
4679,7164,7168
4689,7164,7168
4699,7164,7168
4709,7164,7168
4719,7164,7168
4729,7164,7168
4739,7164,7168
4749,7164,7168
4759,7164,7168
4769,7164,7168
4779,7164,7168
4789,7164,7168
4799,7164,7168
4809,7164,7168
4819,7164,7168
4829,7164,7168
4839,7164,7168
4849,7164,7168
4859,7164,7168
4869,7164,7168
4879,7164,7168
4889,7164,7168
4899,7164,7168
4909,7164,7168
4919,7164,7168
4929,7164,7168
4939,7164,7168
4949,7164,7168
4959,7164,7168
4969,7164,7168
4979,7164,7168
4989,7164,7168
4999,7164,7168
5009,7164,7168
5019,7164,7168
5029,7164,7168
5039,7164,7168
5049,7164,7168
5059,7164,7168
5069,7164,7168
5079,7164,7168
5089,7164,7168
5099,7164,7168
5109,7164,7168
5119,7164,7168
5129,7164,7168
5139,7164,7168
5149,7164,7168
5159,7164,7168
5169,7164,7168
5179,7164,7168
5189,7164,7168
5199,7164,7168
5209,7164,7168
5219,7164,7168
5229,7164,7168
5239,7164,7168
5249,7164,7168
5259,7164,7168
5269,7164,7168
5269,7164,7168
5279,7164,7168
5289,7164,7168
5299,7164,7168
5309,7164,7168
5319,7164,7168
5329,7164,7168
5339,7164,7168
5349,7164,7168
5359,7164,7168
5369,7164,7168
5379,7164,7168
5389,7164,7168
5399,7164,7168
5409,7164,7168
5419,7164,7168
5429,7164,7168
5439,7164,7168
5449,7164,7168
5459,7164,7168
5469,7164,7168
108,7164,7168
119,7164,7168
129,7164,7168
139,7164,7168
149,7164,7168
159,7164,7168
169,7164,7168
179,7164,7168
189,7164,7168
199,7164,7168
209,7164,7168
219,7164,7168
229,7164,7168
239,7164,7168
249,7164,7168
259,7164,7168
269,7164,7168
279,7164,7168
289,7164,7168
299,7164,7168
309,7164,7168
319,7164,7168
329,7164,7168
339,7164,7168
349,7164,7168
359,7164,7168
369,7164,7168
379,7164,7168
389,7164,7168
399,7164,7168
399,7164,7168
409,7164,7168
419,7164,7168
429,7164,7168
439,7164,7168
449,7164,7168
459,7164,7168
469,7164,7168
479,7164,7168
489,7164,7168
499,7164,7168
509,7164,7168
519,7164,7168
529,7164,7168
539,7164,7168
549,7164,7168
559,7164,7168
569,7164,7168
579,7164,7168
589,7164,7168
599,7164,7168
609,7164,7168
619,7164,7168
629,7164,7168
639,7164,7168
649,7164,7168
659,7164,7168
669,7164,7168
679,7164,7168
689,7164,7168
699,7164,7168
709,7164,7168
719,7164,7168
729,7164,7168
739,7164,7168
749,7164,7168
759,7164,7168
769,7164,7168
779,7164,7168
789,7164,7168
799,7164,7168
809,7164,7168
819,7164,7168
829,7164,7168
839,7164,7168
849,7164,7168
859,7164,7168
869,7164,7168
879,7164,7168
889,7164,7168
899,7164,7168
909,7164,7168
919,7164,7168
929,7164,7168
939,7164,7168
949,7164,7168
955,7164,7168
959,7164,7168
969,7164,7168
979,7164,7168
989,7164,7168
999,7164,7168
1009,7164,7168
1019,7164,7168
1029,7164,7168
1039,7164,7168
1049,7164,7168
1059,7164,7168
1069,7164,7168
1079,7164,7168
1089,7164,7168
1099,7164,7168
1109,7164,7168
1119,7164,7168
1129,7164,7168
1139,7164,7168
1149,7164,7168
1159,7164,7168
1169,7164,7168
1179,7164,7168
1189,7164,7168
1199,7164,7168
1209,7164,7168
1219,7164,7168
1229,7164,7168
1239,7164,7168
1249,7164,7168
1259,7164,7168
1269,7164,7168
1279,7164,7168
1289,7164,7168
1299,7164,7168
1309,7164,7168
1319,7164,7168
1329,7164,7168
1339,7164,7168
1349,7164,7168
1359,7164,7168
1369,7164,7168
1379,7164,7168
1389,7164,7168
1399,7164,7168
1409,7164,7168
1419,7164,7168
1429,7164,7168
1439,7164,7168
1449,7164,7168
1459,7164,7168
1469,7164,7168
1479,7164,7168
1489,7164,7168
1499,7164,7168
1509,7164,7168
1519,7164,7168
1529,7164,7168
1539,7164,7168
1539,7164,7168
1549,7164,7168
1559,7164,7168
1569,7164,7168
1579,7164,7168
1589,7164,7168
1599,7164,7168
1609,7164,7168
1619,7164,7168
1629,7164,7168
1639,7164,7168
1649,7164,7168
1659,7164,7168
1669,7164,7168
1679,7164,7168
1689,7164,7168
1699,7164,7168
1709,7164,7168
1719,7164,7168
1729,7164,7168
1739,7164,7168
1749,7164,7168
1759,7164,7168
1769,7164,7168
1779,7164,7168
1789,7164,7168
1799,7164,7168
1809,7164,7168
1819,7164,7168
1829,7164,7168
1839,7164,7168
1849,7164,7168
1859,7164,7168
1869,7164,7168
1879,7164,7168
1889,7164,7168
1899,7164,7168
1909,7164,7168
1919,7164,7168
1929,7164,7168
1939,7164,7168
1949,7164,7168
1959,7164,7168
1969,7164,7168
1979,7164,7168
1989,7164,7168
1999,7164,7168
2009,7164,7168
2019,7164,7168
2029,7164,7168
2039,7164,7168
2049,7164,7168
2059,7164,7168
2069,7164,7168
2079,7164,7168
2089,7164,7168
2091,7164,7168
2099,7164,7168
2109,7164,7168
2119,7164,7168
2129,7164,7168
2139,7164,7168
2149,7164,7168
2159,7164,7168
2169,7164,7168
2179,7164,7168
2189,7164,7168
2199,7164,7168
2209,7164,7168
2219,7164,7168
2229,7164,7168
2239,7164,7168
2249,7164,7168
2259,7164,7168
2269,7164,7168
2279,7164,7168
2289,7164,7168
2299,7164,7168
2309,7164,7168
2319,7164,7168
2329,7164,7168
2339,7164,7168
2349,7164,7168
2359,7164,7168
2369,7164,7168
2379,7164,7168
2389,7164,7168
2399,7164,7168
2409,7164,7168
2419,7164,7168
2429,7164,7168
2439,7164,7168
2449,7164,7168
2459,7164,7168
108,7164,7168
119,7164,7168
129,7164,7168
139,7164,7168
149,7164,7168
159,7164,7168
169,7164,7168
179,7164,7168
189,7164,7168
199,7164,7168
209,7164,7168
219,7164,7168
229,7164,7168
239,7164,7168
249,7164,7168
259,7164,7168
269,7164,7168
279,7164,7168
289,7164,7168
299,7164,7168
309,7164,7168
319,7164,7168
329,7164,7168
339,7164,7168
349,7164,7168
359,7164,7168
369,7164,7168
379,7164,7168
389,7164,7168
399,7164,7168
409,7164,7168
419,7164,7168
429,7164,7168
439,7164,7168
449,7164,7168
459,7164,7168
469,7164,7168
479,7164,7168
489,7164,7168
499,7164,7168
509,7164,7168
519,7164,7168
529,7164,7168
539,7164,7168
549,7164,7168
559,7164,7168
569,7164,7168
579,7164,7168
589,7164,7168
599,7164,7168
609,7164,7168
619,7164,7168
629,7164,7168
639,7164,7168
649,7164,7168
659,7164,7168
669,7164,7168
679,7164,7168
689,7164,7168
699,7164,7168
709,7164,7168
719,7164,7168
729,7164,7168
739,7164,7168
749,7164,7168
759,7164,7168
769,7164,7168
779,7164,7168
781,7164,7168
789,7164,7168
799,7164,7168
809,7164,7168
819,7164,7168
829,7164,7168
839,7164,7168
849,7164,7168
859,7164,7168
869,7164,7168
879,7164,7168
889,7164,7168
899,7164,7168
909,7164,7168
919,7164,7168
929,7164,7168
939,7164,7168
949,7164,7168
959,7164,7168
969,7164,7168
979,7164,7168
989,7164,7168
999,7164,7168
1009,7164,7168
1019,7164,7168
1029,7164,7168
1039,7164,7168
1049,7164,7168
1059,7164,7168
1069,7164,7168
1079,7164,7168
1089,7164,7168
1099,7164,7168
1109,7164,7168
1119,7164,7168
1129,7164,7168
1139,7164,7168
1149,7164,7168
1159,7164,7168
1169,7164,7168
1179,7164,7168
1189,7164,7168
1199,7164,7168
1209,7164,7168
1219,7164,7168
1229,7164,7168
1239,7164,7168
1249,7164,7168
1259,7164,7168
1269,7164,7168
1279,7164,7168
1289,7164,7168
1299,7164,7168
1309,7164,7168
1319,7164,7168
1329,7164,7168
1339,7164,7168
1349,7164,7168
1359,7164,7168
1369,7164,7168
1379,7164,7168
1389,7164,7168
1399,7164,7168
1409,7164,7168
1419,7164,7168
1429,7164,7168
1439,7164,7168
1449,7164,7168
1459,7164,7168
1469,7164,7168
1479,7164,7168
1489,7164,7168
1499,7164,7168
1509,7164,7168
1519,7164,7168
1529,7164,7168
1539,7164,7168
1549,7164,7168
1559,7164,7168
1569,7164,7168
1579,7164,7168
1589,7164,7168
1599,7164,7168
1609,7164,7168
1619,7164,7168
1629,7164,7168
1639,7164,7168
1649,7164,7168
1659,7164,7168
1669,7164,7168
1679,7164,7168
1689,7164,7168
1699,7164,7168
1709,7164,7168
1719,7164,7168
1729,7164,7168
1739,7164,7168
1749,7164,7168
1759,7164,7168
1769,7164,7168
1779,7164,7168
1789,7164,7168
1799,7164,7168
1809,7164,7168
1819,7164,7168
1829,7164,7168
1839,7164,7168
1849,7164,7168
1859,7164,7168
1869,7164,7168
1879,7164,7168
1889,7164,7168
1899,7164,7168
1909,7164,7168
1919,7164,7168
1929,7164,7168
1939,7164,7168
1949,7164,7168
1959,7164,7168
1969,7164,7168
1979,7164,7168
1989,7164,7168
1999,7164,7168
2009,7164,7168
2019,7164,7168
2029,7164,7168
2039,7164,7168
2049,7164,7168
2059,7164,7168
2069,7164,7168
2079,7164,7168
2089,7164,7168
2099,7164,7168
2109,7164,7168
2119,7164,7168
2129,7164,7168
2139,7164,7168
2149,7164,7168
2159,7164,7168
2169,7164,7168
2179,7164,7168
2189,7164,7168
2199,7164,7168
2209,7164,7168
2219,7164,7168
2229,7164,7168
2239,7164,7168
2249,7164,7168
2259,7164,7168
2269,7164,7168
2279,7164,7168
2289,7164,7168
2299,7164,7168
2309,7164,7168
2319,7164,7168
2329,7164,7168
2339,7164,7168
2349,7164,7168
2359,7164,7168
2369,7164,7168
2379,7164,7168
2389,7164,7168
2399,7164,7168
2409,7164,7168
2419,7164,7168
2429,7164,7168
2439,7164,7168
2449,7164,7168
2459,7164,7168
2469,7164,7168
2479,7164,7168
2489,7164,7168
2499,7164,7168
2509,7164,7168
2519,7164,7168
2529,7164,7168
2539,7164,7168
2549,7164,7168
2559,7164,7168
2569,7164,7168
2579,7164,7168
2589,7164,7168
2599,7164,7168
2609,7164,7168
2619,7164,7168
2629,7164,7168
2639,7164,7168
2649,7164,7168
2659,7164,7168
2669,7164,7168
2679,7164,7168
2689,7164,7168
2699,7164,7168
2709,7164,7168
2715,7164,7168
2719,7164,7168
2729,7164,7168
2739,7164,7168
2749,7164,7168
2759,7164,7168
2769,7164,7168
2779,7164,7168
2789,7164,7168
2799,7164,7168
2809,7164,7168
2819,7164,7168
2829,7164,7168
2839,7164,7168
2849,7164,7168
2859,7164,7168
2869,7164,7168
2879,7164,7168
2889,7164,7168
2899,7164,7168
2909,7164,7168
2919,7164,7168
2929,7164,7168
2939,7164,7168
2949,7164,7168
2959,7164,7168
2969,7164,7168
2979,7164,7168
2989,7164,7168
2999,7164,7168
3009,7164,7168
3019,7164,7168
3029,7164,7168
3039,7164,7168
3049,7164,7168
3059,7164,7168
3069,7164,7168
3079,7164,7168
3089,7164,7168
3099,7164,7168
3109,7164,7168
3119,7164,7168
3129,7164,7168
3139,7164,7168
3149,7164,7168
3159,7164,7168
3169,7164,7168
3179,7164,7168
3189,7164,7168
3199,7164,7168
3209,7164,7168
3219,7164,7168
3229,7164,7168
3239,7164,7168
3249,7164,7168
3259,7164,7168
3269,7164,7168
3279,7164,7168
3279,7164,7168
3289,7164,7168
3299,7164,7168
3309,7164,7168
3319,7164,7168
3329,7164,7168
3339,7164,7168
3349,7164,7168
3359,7164,7168
3369,7164,7168
3379,7164,7168
3389,7164,7168
3399,7164,7168
3409,7164,7168
3419,7164,7168
3429,7164,7168
3439,7164,7168
3449,7164,7168
3459,7164,7168
3469,7164,7168
3479,7164,7168
3489,7164,7168
3499,7164,7168
3509,7164,7168
3519,7164,7168
3529,7164,7168
3539,7164,7168
3549,7164,7168
3559,7164,7168
3569,7164,7168
3579,7164,7168
3589,7164,7168
3599,7164,7168
3609,7164,7168
3619,7164,7168
3629,7164,7168
3639,7164,7168
3649,7164,7168
3659,7164,7168
3669,7164,7168
3679,7164,7168
3689,7164,7168
3699,7164,7168
3709,7164,7168
3719,7164,7168
3729,7164,7168
3739,7164,7168
3749,7164,7168
3759,7164,7168
3769,7164,7168
3779,7164,7168
3789,7164,7168
3799,7164,7168
3809,7164,7168
3819,7164,7168
3829,7164,7168
3839,7164,7168
3849,7164,7168
3859,7164,7168
3861,7164,7168
3869,7164,7168
3879,7164,7168
3889,7164,7168
3899,7164,7168
3909,7164,7168
3919,7164,7168
3929,7164,7168
3939,7164,7168
3949,7164,7168
3959,7164,7168
3969,7164,7168
3979,7164,7168
3989,7164,7168
3999,7164,7168
4009,7164,7168
4019,7164,7168
4029,7164,7168
4039,7164,7168
4049,7164,7168
4059,7164,7168
4069,7164,7168
4079,7164,7168
4089,7164,7168
4099,7164,7168
4109,7164,7168
4119,7164,7168
4129,7164,7168
4139,7164,7168
4149,7164,7168
4159,7164,7168
4169,7164,7168
4179,7164,7168
4189,7164,7168
4199,7164,7168
4209,7164,7168
4219,7164,7168
4229,7164,7168
4239,7164,7168
4249,7164,7168
4259,7164,7168
4269,7164,7168
4279,7164,7168
4289,7164,7168
4299,7164,7168
4309,7164,7168
4319,7164,7168
4329,7164,7168
4339,7164,7168
4349,7164,7168
4359,7164,7168
4369,7164,7168
4379,7164,7168
4389,7164,7168
4399,7164,7168
4409,7164,7168
4411,7164,7168
4419,7164,7168
4429,7164,7168
4439,7164,7168
4449,7164,7168
4459,7164,7168
4469,7164,7168
4479,7164,7168
4489,7164,7168
4499,7164,7168
4509,7164,7168
4519,7164,7168
4529,7164,7168
4539,7164,7168
4549,7164,7168
4559,7164,7168
4569,7164,7168
4579,7164,7168
4589,7164,7168
4599,7164,7168
4609,7164,7168
4619,7164,7168
4629,7164,7168
4639,7164,7168
4649,7164,7168
4659,7164,7168
4669,7164,7168
4679,7164,7168
4689,7164,7168
4699,7164,7168
4709,7164,7168
4719,7164,7168
4729,7164,7168
4739,7164,7168
4749,7164,7168
4759,7164,7168
4769,7164,7168
4779,7164,7168
4789,7164,7168
4799,7164,7168
4809,7164,7168
4819,7164,7168
4829,7164,7168
4839,7164,7168
4849,7164,7168
4859,7164,7168
4869,7164,7168
4879,7164,7168
4881,7164,7168
4889,7164,7168
4899,7164,7168
4909,7164,7168
4919,7164,7168
4929,7164,7168
4939,7164,7168
4949,7164,7168
4959,7164,7168
4969,7164,7168
4979,7164,7168
4989,7164,7168
4999,7164,7168
5009,7164,7168
5019,7164,7168
5029,7164,7168
5039,7164,7168
5049,7164,7168
5059,7164,7168
5069,7164,7168
5079,7164,7168
5089,7164,7168
5099,7164,7168
5109,7164,7168
5119,7164,7168
5129,7164,7168
5139,7164,7168
5149,7164,7168
5159,7164,7168
5169,7164,7168
5179,7164,7168
5189,7164,7168
5199,7164,7168
5209,7164,7168
5219,7164,7168
5229,7164,7168
5239,7164,7168
5249,7164,7168
5259,7164,7168
5269,7164,7168
5279,7164,7168
5289,7164,7168
5299,7164,7168
5309,7164,7168
5319,7164,7168
5329,7164,7168
5339,7164,7168
5349,7164,7168
5359,7164,7168
5369,7164,7168
5379,7164,7168
5379,7164,7168
5389,7164,7168
5399,7164,7168
5409,7164,7168
5419,7164,7168
5429,7164,7168
5439,7164,7168
5449,7164,7168
5459,7164,7168
5469,7164,7168
108,7164,7168
119,7164,7168
129,7164,7168
139,7164,7168
149,7164,7168
159,7164,7168
169,7164,7168
179,7164,7168
189,7164,7168
199,7164,7168
209,7164,7168
219,7164,7168
229,7164,7168
239,7164,7168
249,7164,7168
259,7164,7168
269,7164,7168
279,7164,7168
289,7164,7168
299,7164,7168
309,7164,7168
319,7164,7168
329,7164,7168
339,7164,7168
349,7164,7168
359,7164,7168
369,7164,7168
379,7164,7168
389,7164,7168
399,7164,7168
409,7164,7168
419,7164,7168
429,7164,7168
439,7164,7168
449,7164,7168
459,7164,7168
469,7164,7168
479,7164,7168
489,7164,7168
499,7164,7168
509,7164,7168
519,7164,7168
529,7164,7168
539,7164,7168
549,7164,7168
559,7164,7168
569,7164,7168
579,7164,7168
589,7164,7168
599,7164,7168
609,7164,7168
619,7164,7168
629,7164,7168
639,7164,7168
649,7164,7168
659,7164,7168
669,7164,7168
679,7164,7168
689,7164,7168
699,7164,7168
709,7164,7168
719,7164,7168
729,7164,7168
739,7164,7168
749,7164,7168
759,7164,7168
769,7164,7168
779,7164,7168
789,7164,7168
799,7164,7168
809,7164,7168
819,7164,7168
829,7164,7168
839,7164,7168
849,7164,7168
859,7164,7168
869,7164,7168
879,7164,7168
889,7164,7168
899,7164,7168
909,7164,7168
919,7164,7168
929,7164,7168
939,7164,7168
949,7164,7168
959,7164,7168
969,7164,7168
979,7164,7168
989,7164,7168
999,7164,7168
1009,7164,7168
1019,7164,7168
1029,7164,7168
1039,7164,7168
1049,7164,7168
1059,7164,7168
1069,7164,7168
1079,7164,7168
1089,7164,7168
1099,7164,7168
1109,7164,7168
1119,7164,7168
1129,7164,7168
1139,7164,7168
1149,7164,7168
1159,7164,7168
1169,7164,7168
1179,7164,7168
1189,7164,7168
1199,7164,7168
1209,7164,7168
1219,7164,7168
1229,7164,7168
1239,7164,7168
1249,7164,7168
1259,7164,7168
1269,7164,7168
1279,7164,7168
1289,7164,7168
1299,7164,7168
1309,7164,7168
1319,7164,7168
1329,7164,7168
1339,7164,7168
1349,7164,7168
1359,7164,7168
1369,7164,7168
1379,7164,7168
1389,7164,7168
1399,7164,7168
1409,7164,7168
1419,7164,7168
1429,7164,7168
1439,7164,7168
1449,7164,7168
1459,7164,7168
1469,7164,7168
1479,7164,7168
1489,7164,7168
1499,7164,7168
1509,7164,7168
1519,7164,7168
1529,7164,7168
1539,7164,7168
1549,7164,7168
1559,7164,7168
1569,7164,7168
1579,7164,7168
1589,7164,7168
1599,7164,7168
1609,7164,7168
1619,7164,7168
1629,7164,7168
1639,7164,7168
1649,7164,7168
1659,7164,7168
1669,7164,7168
1679,7164,7168
1689,7164,7168
1699,7164,7168
1709,7164,7168
1719,7164,7168
1729,7164,7168
1729,7164,7168
1739,7164,7168
1749,7164,7168
1759,7164,7168
1769,7164,7168
1779,7164,7168
1789,7164,7168
1799,7164,7168
1809,7164,7168
1819,7164,7168
1829,7164,7168
1839,7164,7168
1849,7164,7168
1859,7164,7168
1869,7164,7168
1879,7164,7168
1889,7164,7168
1899,7164,7168
1909,7164,7168
1919,7164,7168
1929,7164,7168
1939,7164,7168
1949,7164,7168
1959,7164,7168
1969,7164,7168
1979,7164,7168
1989,7164,7168
1999,7164,7168
2009,7164,7168
2019,7164,7168
2029,7164,7168
2039,7164,7168
2049,7164,7168
2059,7164,7168
2069,7164,7168
2079,7164,7168
2089,7164,7168
2099,7164,7168
2109,7164,7168
2119,7164,7168
2129,7164,7168
2139,7164,7168
2149,7164,7168
2159,7164,7168
2169,7164,7168
2179,7164,7168
2189,7164,7168
2199,7164,7168
2209,7164,7168
2219,7164,7168
2229,7164,7168
2239,7164,7168
2249,7164,7168
2259,7164,7168
2269,7164,7168
2279,7164,7168
2289,7164,7168
2299,7164,7168
2309,7164,7168
2319,7164,7168
2329,7164,7168
2339,7164,7168
2349,7164,7168
2359,7164,7168
2369,7164,7168
2379,7164,7168
2389,7164,7168
2399,7164,7168
2409,7164,7168
2419,7164,7168
2429,7164,7168
2439,7164,7168
2449,7164,7168
2459,7164,7168
108,7164,7168
119,7164,7168
129,7164,7168
139,7164,7168
149,7164,7168
159,7164,7168
169,7164,7168
179,7164,7168
189,7164,7168
199,7164,7168
209,7164,7168
219,7164,7168
229,7164,7168
239,7164,7168
249,7164,7168
259,7164,7168
269,7164,7168
279,7164,7168
289,7164,7168
299,7164,7168
309,7164,7168
319,7164,7168
329,7164,7168
339,7164,7168
349,7164,7168
359,7164,7168
369,7164,7168
379,7164,7168
389,7164,7168
399,7164,7168
409,7164,7168
419,7164,7168
429,7164,7168
439,7164,7168
449,7164,7168
459,7164,7168
469,7164,7168
479,7164,7168
489,7164,7168
499,7164,7168
509,7164,7168
519,7164,7168
529,7164,7168
539,7164,7168
549,7164,7168
559,7164,7168
569,7164,7168
579,7164,7168
589,7164,7168
599,7164,7168
609,7164,7168
619,7164,7168
629,7164,7168
639,7164,7168
649,7164,7168
659,7164,7168
669,7164,7168
679,7164,7168
689,7164,7168
699,7164,7168
709,7164,7168
719,7164,7168
729,7164,7168
739,7164,7168
749,7164,7168
759,7164,7168
769,7164,7168
779,7164,7168
789,7164,7168
799,7164,7168
809,7164,7168
819,7164,7168
829,7164,7168
839,7164,7168
849,7164,7168
859,7164,7168
869,7164,7168
879,7164,7168
889,7164,7168
899,7164,7168
909,7164,7168
919,7164,7168
929,7164,7168
939,7164,7168
949,7164,7168
959,7164,7168
969,7164,7168
979,7164,7168
989,7164,7168
999,7164,7168
1009,7164,7168
1019,7164,7168
1029,7164,7168
1039,7164,7168
1049,7164,7168
1059,7164,7168
1069,7164,7168
1079,7164,7168
1089,7164,7168
1099,7164,7168
1109,7164,7168
1119,7164,7168
1129,7164,7168
1139,7164,7168
1149,7164,7168
1159,7164,7168
1169,7164,7168
1179,7164,7168
1189,7164,7168
1199,7164,7168
1209,7164,7168
1219,7164,7168
1229,7164,7168
1235,7164,7168
1239,7164,7168
1249,7164,7168
1259,7164,7168
1269,7164,7168
1279,7164,7168
1289,7164,7168
1299,7164,7168
1309,7164,7168
1319,7164,7168
1329,7164,7168
1339,7164,7168
1349,7164,7168
1359,7164,7168
1369,7164,7168
1379,7164,7168
1389,7164,7168
1399,7164,7168
1409,7164,7168
1419,7164,7168
1429,7164,7168
1439,7164,7168
1449,7164,7168
1459,7164,7168
1469,7164,7168
1479,7164,7168
1489,7164,7168
1499,7164,7168
1509,7164,7168
1519,7164,7168
1529,7164,7168
1539,7164,7168
1549,7164,7168
1559,7164,7168
1569,7164,7168
1579,7164,7168
1589,7164,7168
1599,7164,7168
1609,7164,7168
1619,7164,7168
1629,7164,7168
1639,7164,7168
1649,7164,7168
1659,7164,7168
1669,7164,7168
1679,7164,7168
1689,7164,7168
1699,7164,7168
1709,7164,7168
1719,7164,7168
1729,7164,7168
1739,7164,7168
1749,7164,7168
1759,7164,7168
1769,7164,7168
1769,7164,7168
1779,7164,7168
1789,7164,7168
1799,7164,7168
1809,7164,7168
1819,7164,7168
1829,7164,7168
1839,7164,7168
1849,7164,7168
1859,7164,7168
1869,7164,7168
1879,7164,7168
1889,7164,7168
1899,7164,7168
1909,7164,7168
1919,7164,7168
1929,7164,7168
1939,7164,7168
1949,7164,7168
1959,7164,7168
1969,7164,7168
1979,7164,7168
1989,7164,7168
1999,7164,7168
2009,7164,7168
2019,7164,7168
2029,7164,7168
2039,7164,7168
2049,7164,7168
2059,7164,7168
2069,7164,7168
2079,7164,7168
2089,7164,7168
2099,7164,7168
2109,7164,7168
2119,7164,7168
2129,7164,7168
2139,7164,7168
2149,7164,7168
2159,7164,7168
2169,7164,7168
2179,7164,7168
2189,7164,7168
2199,7164,7168
2209,7164,7168
2219,7164,7168
2229,7164,7168
2239,7164,7168
2249,7164,7168
2259,7164,7168
2269,7164,7168
2279,7164,7168
2289,7164,7168
2299,7164,7168
2309,7164,7168
2319,7164,7168
2329,7164,7168
2339,7164,7168
2349,7164,7168
2351,7164,7168
2359,7164,7168
2369,7164,7168
2379,7164,7168
2389,7164,7168
2399,7164,7168
2409,7164,7168
2419,7164,7168
2429,7164,7168
2439,7164,7168
2449,7164,7168
2459,7164,7168
2469,7164,7168
2479,7164,7168
2489,7164,7168
2499,7164,7168
2509,7164,7168
2519,7164,7168
2529,7164,7168
2539,7164,7168
2549,7164,7168
2559,7164,7168
2569,7164,7168
2579,7164,7168
2589,7164,7168
2599,7164,7168
2609,7164,7168
2619,7164,7168
2629,7164,7168
2639,7164,7168
2649,7164,7168
2659,7164,7168
2669,7164,7168
2679,7164,7168
2689,7164,7168
2699,7164,7168
2709,7164,7168
2719,7164,7168
2729,7164,7168
2739,7164,7168
2749,7164,7168
2759,7164,7168
2769,7164,7168
2779,7164,7168
2789,7164,7168
2799,7164,7168
2809,7164,7168
2819,7164,7168
2829,7164,7168
2839,7164,7168
2849,7164,7168
2859,7164,7168
2869,7164,7168
2879,7164,7168
2889,7164,7168
2899,7164,7168
2909,7164,7168
2919,7164,7168
2929,7164,7168
2939,7164,7168
2949,7164,7168
2959,7164,7168
2969,7164,7168
2979,7164,7168
2989,7164,7168
2995,7164,7168
2999,7164,7168
3009,7164,7168
3019,7164,7168
3029,7164,7168
3039,7164,7168
3049,7164,7168
3059,7164,7168
3069,7164,7168
3079,7164,7168
3089,7164,7168
3099,7164,7168
3109,7164,7168
3119,7164,7168
3129,7164,7168
3139,7164,7168
3149,7164,7168
3159,7164,7168
3169,7164,7168
3179,7164,7168
3189,7164,7168
3199,7164,7168
3209,7164,7168
3219,7164,7168
3229,7164,7168
3239,7164,7168
3249,7164,7168
3259,7164,7168
3269,7164,7168
3279,7164,7168
3289,7164,7168
3299,7164,7168
3309,7164,7168
3319,7164,7168
3329,7164,7168
3339,7164,7168
3349,7164,7168
3359,7164,7168
3369,7164,7168
3379,7164,7168
3389,7164,7168
3399,7164,7168
3409,7164,7168
3419,7164,7168
3429,7164,7168
3439,7164,7168
3449,7164,7168
3459,7164,7168
3469,7164,7168
3479,7164,7168
3489,7164,7168
3499,7164,7168
3509,7164,7168
3519,7164,7168
3529,7164,7168
3539,7164,7168
3549,7164,7168
3559,7164,7168
3561,7164,7168
3569,7164,7168
3579,7164,7168
3589,7164,7168
3599,7164,7168
3609,7164,7168
3619,7164,7168
3629,7164,7168
3639,7164,7168
3649,7164,7168
3659,7164,7168
3669,7164,7168
3679,7164,7168
3689,7164,7168
3699,7164,7168
3709,7164,7168
3719,7164,7168
3729,7164,7168
3739,7164,7168
3749,7164,7168
3759,7164,7168
3769,7164,7168
3779,7164,7168
3789,7164,7168
3799,7164,7168
3809,7164,7168
3819,7164,7168
3829,7164,7168
3839,7164,7168
3849,7164,7168
3859,7164,7168
3869,7164,7168
3879,7164,7168
3889,7164,7168
3899,7164,7168
3909,7164,7168
3919,7164,7168
3929,7164,7168
3939,7164,7168
3949,7164,7168
3959,7164,7168
3969,7164,7168
3979,7164,7168
3989,7164,7168
3999,7164,7168
4009,7164,7168
4019,7164,7168
4029,7164,7168
4039,7164,7168
4049,7164,7168
4059,7164,7168
4069,7164,7168
4079,7164,7168
4089,7164,7168
4099,7164,7168
4105,7164,7168
4109,7164,7168
4119,7164,7168
4129,7164,7168
4139,7164,7168
4149,7164,7168
4159,7164,7168
4169,7164,7168
4179,7164,7168
4189,7164,7168
4199,7164,7168
4209,7164,7168
4219,7164,7168
4229,7164,7168
4239,7164,7168
4249,7164,7168
4259,7164,7168
4269,7164,7168
4279,7164,7168
4289,7164,7168
4299,7164,7168
4309,7164,7168
4319,7164,7168
4329,7164,7168
4339,7164,7168
4349,7164,7168
4359,7164,7168
4369,7164,7168
4379,7164,7168
4389,7164,7168
4399,7164,7168
4409,7164,7168
4419,7164,7168
4429,7164,7168
4439,7164,7168
4449,7164,7168
4459,7164,7168
4469,7164,7168
4479,7164,7168
4489,7164,7168
4499,7164,7168
4509,7164,7168
4519,7164,7168
4529,7164,7168
4539,7164,7168
4549,7164,7168
4559,7164,7168
4569,7164,7168
4579,7164,7168
4589,7164,7168
4599,7164,7168
4609,7164,7168
4619,7164,7168
4629,7164,7168
4639,7164,7168
4649,7164,7168
4655,7164,7168
4659,7164,7168
4669,7164,7168
4679,7164,7168
4689,7164,7168
4699,7164,7168
4709,7164,7168
4719,7164,7168
4729,7164,7168
4739,7164,7168
4749,7164,7168
4759,7164,7168
4769,7164,7168
4779,7164,7168
4789,7164,7168
4799,7164,7168
4809,7164,7168
4819,7164,7168
4829,7164,7168
4839,7164,7168
4849,7164,7168
4859,7164,7168
4869,7164,7168
4879,7164,7168
4889,7164,7168
4899,7164,7168
4909,7164,7168
4919,7164,7168
4929,7164,7168
4939,7164,7168
4949,7164,7168
4959,7164,7168
4969,7164,7168
4979,7164,7168
4989,7164,7168
4999,7164,7168
5009,7164,7168
5019,7164,7168
5029,7164,7168
5039,7164,7168
5049,7164,7168
5059,7164,7168
5069,7164,7168
5079,7164,7168
5089,7164,7168
5099,7164,7168
5109,7164,7168
5119,7164,7168
5129,7164,7168
5139,7164,7168
5149,7164,7168
5159,7164,7168
5169,7164,7168
5179,7164,7168
5189,7164,7168
5199,7164,7168
5209,7164,7168
5219,7164,7168
5219,7164,7168
5229,7164,7168
5239,7164,7168
5249,7164,7168
5259,7164,7168
5269,7164,7168
5279,7164,7168
5289,7164,7168
5299,7164,7168
5309,7164,7168
5319,7164,7168
5329,7164,7168
5339,7164,7168
5349,7164,7168
5359,7164,7168
5369,7164,7168
5379,7164,7168
5389,7164,7168
5399,7164,7168
5409,7164,7168
5419,7164,7168
5429,7164,7168
5439,7164,7168
5449,7164,7168
5459,7164,7168
5469,7164,7168
108,7164,7168
119,7164,7168
129,7164,7168
139,7164,7168
149,7164,7168
159,7164,7168
169,7164,7168
179,7164,7168
189,7164,7168
199,7164,7168
209,7164,7168
219,7164,7168
229,7164,7168
239,7164,7168
249,7164,7168
259,7164,7168
269,7164,7168
279,7164,7168
289,7164,7168
299,7164,7168
309,7164,7168
319,7164,7168
329,7164,7168
339,7164,7168
349,7164,7168
359,7164,7168
369,7164,7168
379,7164,7168
389,7164,7168
391,7164,7168
399,7164,7168
409,7164,7168
419,7164,7168
429,7164,7168
439,7164,7168
449,7164,7168
459,7164,7168
469,7164,7168
479,7164,7168
489,7164,7168
499,7164,7168
509,7164,7168
519,7164,7168
529,7164,7168
539,7164,7168
549,7164,7168
559,7164,7168
569,7164,7168
579,7164,7168
589,7164,7168
599,7164,7168
609,7164,7168
619,7164,7168
629,7164,7168
639,7164,7168
649,7164,7168
659,7164,7168
669,7164,7168
679,7164,7168
689,7164,7168
699,7164,7168
709,7164,7168
719,7164,7168
729,7164,7168
739,7164,7168
749,7164,7168
759,7164,7168
769,7164,7168
779,7164,7168
789,7164,7168
799,7164,7168
809,7164,7168
819,7164,7168
829,7164,7168
839,7164,7168
849,7164,7168
859,7164,7168
869,7164,7168
879,7164,7168
889,7164,7168
899,7164,7168
909,7164,7168
915,7164,7168
919,7164,7168
929,7164,7168
939,7164,7168
949,7164,7168
959,7164,7168
969,7164,7168
979,7164,7168
989,7164,7168
999,7164,7168
1009,7164,7168
1019,7164,7168
1029,7164,7168
1039,7164,7168
1049,7164,7168
1059,7164,7168
1069,7164,7168
1079,7164,7168
1089,7164,7168
1099,7164,7168
1109,7164,7168
1119,7164,7168
1129,7164,7168
1139,7164,7168
1149,7164,7168
1159,7164,7168
1169,7164,7168
1179,7164,7168
1189,7164,7168
1199,7164,7168
1209,7164,7168
1219,7164,7168
1229,7164,7168
1239,7164,7168
1249,7164,7168
1259,7164,7168
1269,7164,7168
1279,7164,7168
1289,7164,7168
1299,7164,7168
1309,7164,7168
1319,7164,7168
1329,7164,7168
1339,7164,7168
1349,7164,7168
1359,7164,7168
1369,7164,7168
1379,7164,7168
1389,7164,7168
1399,7164,7168
1409,7164,7168
1419,7164,7168
1429,7164,7168
1439,7164,7168
1449,7164,7168
1459,7164,7168
1469,7164,7168
1479,7164,7168
1489,7164,7168
1499,7164,7168
1499,7164,7168
1509,7164,7168
1519,7164,7168
1529,7164,7168
1539,7164,7168
1549,7164,7168
1559,7164,7168
1569,7164,7168
1579,7164,7168
1589,7164,7168
1599,7164,7168
1609,7164,7168
1619,7164,7168
1629,7164,7168
1639,7164,7168
1649,7164,7168
1659,7164,7168
1669,7164,7168
1679,7164,7168
1689,7164,7168
1699,7164,7168
1709,7164,7168
1719,7164,7168
1729,7164,7168
1739,7164,7168
1749,7164,7168
1759,7164,7168
1769,7164,7168
1779,7164,7168
1789,7164,7168
1799,7164,7168
1809,7164,7168
1819,7164,7168
1829,7164,7168
1839,7164,7168
1849,7164,7168
1859,7164,7168
1869,7164,7168
1879,7164,7168
1889,7164,7168
1899,7164,7168
1909,7164,7168
1919,7164,7168
1929,7164,7168
1939,7164,7168
1949,7164,7168
1959,7164,7168
1969,7164,7168
1979,7164,7168
1989,7164,7168
1999,7164,7168
2009,7164,7168
2019,7164,7168
2029,7164,7168
2039,7164,7168
2049,7164,7168
2059,7164,7168
2069,7164,7168
2075,7164,7168
2079,7164,7168
2089,7164,7168
2099,7164,7168
2109,7164,7168
2119,7164,7168
2129,7164,7168
2139,7164,7168
2149,7164,7168
2159,7164,7168
2169,7164,7168
2179,7164,7168
2189,7164,7168
2199,7164,7168
2209,7164,7168
2219,7164,7168
2229,7164,7168
2239,7164,7168
2249,7164,7168
2259,7164,7168
2269,7164,7168
2279,7164,7168
2289,7164,7168
2299,7164,7168
2309,7164,7168
2319,7164,7168
2329,7164,7168
2339,7164,7168
2349,7164,7168
2359,7164,7168
2369,7164,7168
2379,7164,7168
2389,7164,7168
2399,7164,7168
2409,7164,7168
2419,7164,7168
2429,7164,7168
2439,7164,7168
2449,7164,7168
2459,7164,7168
108,7164,7168
119,7164,7168
129,7164,7168
139,7164,7168
149,7164,7168
159,7164,7168
169,7164,7168
179,7164,7168
189,7164,7168
199,7164,7168
209,7164,7168
219,7164,7168
229,7164,7168
239,7164,7168
249,7164,7168
259,7164,7168
269,7164,7168
279,7164,7168
289,7164,7168
299,7164,7168
309,7164,7168
319,7164,7168
329,7164,7168
339,7164,7168
349,7164,7168
359,7164,7168
369,7164,7168
379,7164,7168
389,7164,7168
399,7164,7168
409,7164,7168
419,7164,7168
429,7164,7168
439,7164,7168
449,7164,7168
459,7164,7168
469,7164,7168
479,7164,7168
489,7164,7168
499,7164,7168
509,7164,7168
519,7164,7168
529,7164,7168
539,7164,7168
549,7164,7168
559,7164,7168
569,7164,7168
579,7164,7168
589,7164,7168
599,7164,7168
609,7164,7168
619,7164,7168
629,7164,7168
639,7164,7168
649,7164,7168
659,7164,7168
669,7164,7168
679,7164,7168
689,7164,7168
699,7164,7168
709,7164,7168
719,7164,7168
729,7164,7168
739,7164,7168
749,7164,7168
759,7164,7168
769,7164,7168
779,7164,7168
789,7164,7168
799,7164,7168
809,7164,7168
819,7164,7168
829,7164,7168
839,7164,7168
849,7164,7168
859,7164,7168
869,7164,7168
879,7164,7168
889,7164,7168
899,7164,7168
909,7164,7168
919,7164,7168
929,7164,7168
939,7164,7168
949,7164,7168
959,7164,7168
969,7164,7168
979,7164,7168
989,7164,7168
999,7164,7168
1009,7164,7168
1019,7164,7168
1029,7164,7168
1039,7164,7168
1049,7164,7168
1059,7164,7168
1069,7164,7168
1079,7164,7168
1089,7164,7168
1099,7164,7168
1109,7164,7168
1119,7164,7168
1129,7164,7168
1139,7164,7168
1149,7164,7168
1159,7164,7168
1169,7164,7168
1179,7164,7168
1189,7164,7168
1199,7164,7168
1209,7164,7168
1219,7164,7168
1229,7164,7168
1239,7164,7168
1249,7164,7168
1259,7164,7168
1269,7164,7168
1279,7164,7168
1289,7164,7168
1299,7164,7168
1309,7164,7168
1319,7164,7168
1329,7164,7168
1339,7164,7168
1349,7164,7168
1359,7164,7168
1369,7164,7168
1379,7164,7168
1389,7164,7168
1399,7164,7168
1409,7164,7168
1419,7164,7168
1429,7164,7168
1439,7164,7168
1449,7164,7168
1459,7164,7168
1469,7164,7168
1479,7164,7168
1489,7164,7168
1499,7164,7168
1509,7164,7168
1519,7164,7168
1529,7164,7168
1539,7164,7168
1549,7164,7168
1559,7164,7168
1569,7164,7168
1579,7164,7168
1589,7164,7168
1599,7164,7168
1605,7164,7168
1609,7164,7168
1619,7164,7168
1629,7164,7168
1639,7164,7168
1649,7164,7168
1659,7164,7168
1669,7164,7168
1679,7164,7168
1689,7164,7168
1699,7164,7168
1709,7164,7168
1719,7164,7168
1729,7164,7168
1739,7164,7168
1749,7164,7168
1759,7164,7168
1769,7164,7168
1779,7164,7168
