# Command line arguments:  -Xmx7g  Program arguments:  --gc_once --object_activity 

used memory, total memory, maximum memory
5,245,6372
144,309,6372
368,437,6372
330,935,6372
695,935,6372
801,980,6372
875,1529,6372
759,1887,6372
1208,1887,6372
1165,2157,6372
1597,2157,6372
1293,2597,6372
1756,2597,6372
1551,3076,6372
1994,3076,6372
2384,3076,6372
1830,3441,6372
2203,3441,6372
2387,3441,6372
2545,3441,6372
2625,3441,6372
2704,3441,6372
2809,3441,6372
2836,3441,6372
2862,3441,6372
2968,3441,6372
3047,3441,6372
3126,3441,6372
2225,4134,6372
2406,4134,6372
2611,4134,6372
2815,4134,6372
3024,4134,6372
3142,4134,6372
3142,4134,6372
3142,4134,6372
3167,4134,6372
3260,4134,6372
3378,4134,6372
3521,4134,6372
2627,5311,6372
2897,5311,6372
3133,5311,6372
3331,5311,6372
3526,5311,6372
3567,5311,6372
3683,5311,6372
3762,5311,6372
3840,5311,6372
3840,5311,6372
3881,5311,6372
3881,5311,6372
3881,5311,6372
3960,5311,6372
4038,5311,6372
4195,5311,6372
3189,6078,6372
3544,6078,6372
3896,6078,6372
4091,6078,6372
4091,6078,6372
4130,6078,6372
4130,6078,6372
4208,6078,6372
4286,6078,6372
4286,6078,6372
4325,6078,6372
4325,6078,6372
4325,6078,6372
4403,6078,6372
4520,6078,6372
4716,6078,6372
4794,6078,6372
5067,6078,6372
3783,6701,6701
3941,6701,6701
4254,6701,6701
4567,6701,6701
4567,6701,6701
4646,6701,6701
4685,6701,6701
4685,6701,6701
4724,6701,6701
4724,6701,6701
4763,6701,6701
4821,6701,6701
4860,6701,6701
0,6739,6739
78,6739,6739
117,6739,6739
119,6739,6739
313,6739,6739
352,6739,6739
428,6739,6739
663,6739,6739
820,6739,6739
820,6739,6739
859,6739,6739
1016,6739,6739
1016,6739,6739
1130,6739,6739
1170,6739,6739
1170,6739,6739
1366,6739,6739
1483,6739,6739
1640,6739,6739
1679,6739,6739
1679,6739,6739
1679,6739,6739
1679,6739,6739
1860,6739,6739
328,6671,6671
403,6671,6671
403,6671,6671
403,6671,6671
407,6671,6671
480,6671,6671
552,6671,6671
664,6671,6671
928,6671,6671
1158,6671,6671
1195,6671,6671
1353,6671,6671
1617,6671,6671
1657,6671,6671
1856,6671,6671
208,6611,6611
395,6611,6611
395,6611,6611
395,6611,6611
619,6611,6611
885,6611,6611
885,6611,6611
1114,6611,6611
1228,6611,6611
1265,6611,6611
1265,6611,6611
1379,6611,6611
1417,6611,6611
1417,6611,6611
1454,6611,6611
1454,6611,6611
1530,6611,6611
1568,6611,6611
1868,6611,6611
216,6700,6700
369,6700,6700
519,6700,6700
706,6700,6700
748,6700,6700
784,6700,6700
894,6700,6700
1011,6700,6700
1081,6700,6700
1348,6700,6700
1650,6700,6700
1690,6700,6700
1876,6700,6700
112,6462,6462
148,6462,6462
264,6462,6462
416,6462,6462
416,6462,6462
525,6462,6462
563,6462,6462
563,6462,6462
563,6462,6462
826,6462,6462
1015,6462,6462
1130,6462,6462
1166,6462,6462
1173,6462,6462
1210,6462,6462
1210,6462,6462
1250,6462,6462
1324,6462,6462
1628,6462,6462
1847,6462,6462
85,6678,6678
350,6678,6678
580,6678,6678
654,6678,6678
654,6678,6678
694,6678,6678
734,6678,6678
924,6678,6678
1114,6678,6678
1341,6678,6678
1378,6678,6678
1493,6678,6678
1781,6678,6678
181,6679,6679
292,6679,6679
369,6679,6679
445,6679,6679
520,6679,6679
820,6679,6679
1011,6679,6679
1011,6679,6679
1099,6679,6679
1210,6679,6679
1325,6679,6679
1401,6679,6679
1589,6679,6679
1703,6679,6679
1849,6679,6679
267,6690,6690
426,6690,6690
502,6690,6690
502,6690,6690
548,6690,6690
739,6690,6690
936,6690,6690
1172,6690,6690
1172,6690,6690
1443,6690,6690
1716,6690,6690
1835,6690,6690
1835,6690,6690
133,6698,6698
331,6698,6698
448,6698,6698
643,6698,6698
643,6698,6698
720,6698,6698
918,6698,6698
1191,6698,6698
1309,6698,6698
1309,6698,6698
1442,6698,6698
1442,6698,6698
1600,6698,6698
164,6717,6717
316,6717,6717
470,6717,6717
667,6717,6717
902,6717,6717
981,6717,6717
1214,6717,6717
1371,6717,6717
1528,6717,6717
1646,6717,6717
1646,6717,6717
1918,6717,6717
185,6551,6551
380,6551,6551
422,6551,6551
625,6551,6551
977,6551,6551
1095,6551,6551
1444,6551,6551
1757,6551,6551
1911,6551,6551
263,6720,6720
536,6720,6720
741,6720,6720
1209,6720,6720
1209,6720,6720
1720,6720,6720
1876,6720,6720
289,6712,6712
641,6712,6712
683,6712,6712
957,6712,6712
1155,6712,6712
1310,6712,6712
1470,6712,6712
176,6720,6720
293,6720,6720
490,6720,6720
962,6720,6720
962,6720,6720
1399,6720,6720
1635,6720,6720
1953,6720,6720
255,6734,6734
374,6734,6734
656,6734,6734
969,6734,6734
1047,6734,6734
1442,6734,6734
1716,6734,6734
1954,6734,6734
362,6701,6701
479,6701,6701
713,6701,6701
1146,6701,6701
1146,6701,6701
1465,6701,6701
1819,6701,6701
1862,6701,6701
359,6720,6720
594,6720,6720
831,6720,6720
1147,6720,6720
1265,6720,6720
1585,6720,6720
207,6708,6708
207,6708,6708
599,6708,6708
872,6708,6708
880,6708,6708
999,6708,6708
1233,6708,6708
1468,6708,6708
1546,6708,6708
1745,6708,6708
2018,6708,6708
245,6625,6625
324,6625,6625
406,6625,6625
680,6625,6625
915,6625,6625
994,6625,6625
994,6625,6625
1193,6625,6625
1428,6625,6625
1626,6625,6625
1673,6625,6625
1987,6625,6625
399,6742,6742
409,6742,6742
603,6742,6742
838,6742,6742
1073,6742,6742
1273,6742,6742
1743,6742,6742
1825,6742,6742
351,6545,6545
507,6545,6545
900,6545,6545
1176,6545,6545
1337,6545,6545
1415,6545,6545
1691,6545,6545
1848,6545,6545
78,6722,6722
237,6722,6722
472,6722,6722
591,6722,6722
795,6722,6722
1069,6722,6722
1265,6722,6722
1464,6722,6722
1890,6722,6722
233,6720,6720
546,6720,6720
900,6720,6720
1060,6720,6720
1571,6720,6720
1614,6720,6720
156,6733,6733
352,6733,6733
669,6733,6733
984,6733,6733
1149,6733,6733
1541,6733,6733
1658,6733,6733
149,6573,6573
432,6573,6573
553,6573,6573
827,6573,6573
1102,6573,6573
1223,6573,6573
1380,6573,6573
1419,6573,6573
1537,6573,6573
1773,6573,6573
1933,6573,6573
68,6723,6723
304,6723,6723
539,6723,6723
738,6723,6723
1170,6723,6723
1209,6723,6723
1683,6723,6723
1879,6723,6723
102,6718,6718
531,6718,6718
648,6718,6718
727,6718,6718
1081,6718,6718
1280,6718,6718
1563,6718,6718
186,6721,6721
265,6721,6721
503,6721,6721
778,6721,6721
934,6721,6721
1094,6721,6721
1486,6721,6721
1604,6721,6721
1920,6721,6721
181,6737,6737
348,6737,6737
552,6737,6737
984,6737,6737
1024,6737,6737
1420,6737,6737
1695,6737,6737
1738,6737,6737
256,6708,6708
452,6708,6708
695,6708,6708
1090,6708,6708
1130,6708,6708
1449,6708,6708
1804,6708,6708
1926,6708,6708
369,6724,6724
564,6724,6724
798,6724,6724
1074,6724,6724
1232,6724,6724
1511,6724,6724
1904,6724,6724
1910,6724,6724
463,6751,6751
645,6751,6751
955,6751,6751
1228,6751,6751
1319,6751,6751
1587,6751,6751
192,6696,6696
271,6696,6696
589,6696,6696
905,6696,6696
911,6696,6696
1227,6696,6696
1503,6696,6696
1581,6696,6696
1938,6696,6696
159,6730,6730
320,6730,6730
441,6730,6730
795,6730,6730
991,6730,6730
1269,6730,6730
1662,6730,6730
1822,6730,6730
237,6578,6578
433,6578,6578
433,6578,6578
515,6578,6578
751,6578,6578
1065,6578,6578
1104,6578,6578
1383,6578,6578
1697,6578,6578
1738,6578,6578
1864,6578,6578
147,6730,6730
343,6730,6730
538,6730,6730
538,6730,6730
615,6730,6730
813,6730,6730
1050,6730,6730
1208,6730,6730
1252,6730,6730
1487,6730,6730
1724,6730,6730
1845,6730,6730
1894,6730,6730
187,6722,6722
305,6722,6722
423,6722,6722
579,6722,6722
619,6722,6722
779,6722,6722
1055,6722,6722
1132,6722,6722
1132,6722,6722
1132,6722,6722
1171,6722,6722
1171,6722,6722
1210,6722,6722
1210,6722,6722
1289,6722,6722
1333,6722,6722
1370,6722,6722
1645,6722,6722
1880,6722,6722
268,6718,6718
306,6718,6718
463,6718,6718
740,6718,6718
935,6718,6718
940,6718,6718
1096,6718,6718
1292,6718,6718
1569,6718,6718
1617,6718,6718
1892,6718,6718
150,6737,6737
304,6737,6737
343,6737,6737
425,6737,6737
659,6737,6737
972,6737,6737
1011,6737,6737
1247,6737,6737
1446,6737,6737
1680,6737,6737
1680,6737,6737
1841,6737,6737
108,6707,6707
301,6707,6707
379,6707,6707
457,6707,6707
497,6707,6707
536,6707,6707
812,6707,6707
930,6707,6707
1049,6707,6707
1127,6707,6707
1170,6707,6707
1367,6707,6707
1604,6707,6707
1763,6707,6707
1850,6707,6707
177,6723,6723
373,6723,6723
529,6723,6723
654,6723,6723
811,6723,6723
1006,6723,6723
1202,6723,6723
1202,6723,6723
1360,6723,6723
1517,6723,6723
1636,6723,6723
1833,6723,6723
1872,6723,6723
144,6749,6749
421,6749,6749
655,6749,6749
655,6749,6749
936,6749,6749
1093,6749,6749
1251,6749,6749
1291,6749,6749
1301,6749,6749
1536,6749,6749
1772,6749,6749
194,6698,6698
235,6698,6698
283,6698,6698
440,6698,6698
716,6698,6698
873,6698,6698
911,6698,6698
993,6698,6698
1269,6698,6698
1504,6698,6698
1582,6698,6698
1663,6698,6698
1939,6698,6698
322,6729,6729
322,6729,6729
796,6729,6729
993,6729,6729
1192,6729,6729
1663,6729,6729
1667,6729,6729
238,6580,6580
434,6580,6580
711,6580,6580
1065,6580,6580
1229,6580,6580
1425,6580,6580
1737,6580,6580
1898,6580,6580
115,6730,6730
233,6730,6730
506,6730,6730
591,6730,6730
869,6730,6730
1144,6730,6730
1183,6730,6730
1383,6730,6730
1620,6730,6730
1817,6730,6730
1857,6730,6730
190,6723,6723
542,6723,6723
620,6723,6723
660,6723,6723
817,6723,6723
1053,6723,6723
1211,6723,6723
1290,6723,6723
1411,6723,6723
1648,6723,6723
196,6716,6716
235,6716,6716
478,6716,6716
675,6716,6716
911,6716,6716
954,6716,6716
1112,6716,6716
1350,6716,6716
1585,6716,6716
1628,6716,6716
1628,6716,6716
1785,6716,6716
1864,6716,6716
1943,6716,6716
151,6736,6736
304,6736,6736
343,6736,6736
380,6736,6736
577,6736,6736
695,6736,6736
853,6736,6736
1010,6736,6736
1010,6736,6736
1132,6736,6736
1250,6736,6736
1252,6736,6736
1368,6736,6736
1644,6736,6736
1683,6736,6736
1767,6736,6736
1962,6736,6736
303,6708,6708
459,6708,6708
617,6708,6708
813,6708,6708
853,6708,6708
1089,6708,6708
1091,6708,6708
1335,6708,6708
1611,6708,6708
1769,6708,6708
1769,6708,6708
64,6723,6723
218,6723,6723
336,6723,6723
531,6723,6723
608,6723,6723
767,6723,6723
962,6723,6723
1159,6723,6723
1198,6723,6723
1320,6723,6723
1438,6723,6723
1556,6723,6723
1755,6723,6723
1871,6723,6723
62,6747,6747
181,6747,6747
260,6747,6747
378,6747,6747
615,6747,6747
654,6747,6747
850,6747,6747
1008,6747,6747
1086,6747,6747
1322,6747,6747
1322,6747,6747
1403,6747,6747
1680,6747,6747
1875,6747,6747
194,6695,6695
270,6695,6695
270,6695,6695
546,6695,6695
701,6695,6695
899,6695,6695
899,6695,6695
1021,6695,6695
1216,6695,6695
1411,6695,6695
1568,6695,6695
1576,6695,6695
1814,6695,6695
1972,6695,6695
199,6730,6730
324,6730,6730
324,6730,6730
485,6730,6730
680,6730,6730
878,6730,6730
994,6730,6730
994,6730,6730
1115,6730,6730
1272,6730,6730
1428,6730,6730
1587,6730,6730
1663,6730,6730
1863,6730,6730
157,6580,6580
434,6580,6580
434,6580,6580
555,6580,6580
867,6580,6580
1023,6580,6580
1065,6580,6580
1151,6580,6580
1229,6580,6580
1463,6580,6580
1737,6580,6580
1737,6580,6580
1966,6580,6580
193,6729,6729
388,6729,6729
506,6729,6729
709,6729,6729
828,6729,6729
985,6729,6729
1183,6729,6729
1225,6729,6729
1344,6729,6729
1462,6729,6729
1580,6729,6729
1659,6729,6729
1777,6729,6729
1856,6729,6729
1935,6729,6729
272,6722,6722
390,6722,6722
507,6722,6722
625,6722,6722
668,6722,6722
668,6722,6722
824,6722,6722
905,6722,6722
1216,6722,6722
1258,6722,6722
1462,6722,6722
1618,6722,6722
1736,6722,6722
199,6716,6716
235,6716,6716
469,6716,6716
587,6716,6716
783,6716,6716
901,6716,6716
1022,6716,6716
1101,6716,6716
1140,6716,6716
1258,6716,6716
1572,6716,6716
1572,6716,6716
1851,6716,6716
1929,6716,6716
193,6736,6736
354,6736,6736
436,6736,6736
593,6736,6736
713,6736,6736
868,6736,6736
988,6736,6736
1075,6736,6736
1273,6736,6736
1389,6736,6736
1546,6736,6736
1664,6736,6736
1746,6736,6736
1943,6736,6736
191,6708,6708
426,6708,6708
426,6708,6708
554,6708,6708
750,6708,6708
985,6708,6708
1024,6708,6708
1102,6708,6708
1102,6708,6708
1304,6708,6708
1537,6708,6708
1733,6708,6708
1772,6708,6708
1853,6708,6708
225,6722,6722
342,6722,6722
459,6722,6722
498,6722,6722
537,6722,6722
574,6722,6722
576,6722,6722
889,6722,6722
1125,6722,6722
1204,6722,6722
1286,6722,6722
1482,6722,6722
1797,6722,6722
1876,6722,6722
1919,6722,6722
148,6746,6746
265,6746,6746
384,6746,6746
500,6746,6746
620,6746,6746
779,6746,6746
976,6746,6746
1172,6746,6746
1291,6746,6746
1372,6746,6746
1648,6746,6746
1884,6746,6746
198,6698,6698
235,6698,6698
399,6698,6698
557,6698,6698
830,6698,6698
910,6698,6698
1108,6698,6698
1384,6698,6698
1579,6698,6698
1579,6698,6698
1623,6698,6698
1781,6698,6698
1936,6698,6698
203,6729,6729
203,6729,6729
203,6729,6729
323,6729,6729
361,6729,6729
603,6729,6729
836,6729,6729
992,6729,6729
992,6729,6729
1152,6729,6729
1230,6729,6729
1348,6729,6729
1543,6729,6729
1623,6729,6729
1827,6729,6729
1944,6729,6729
206,6581,6581
402,6581,6581
402,6581,6581
609,6581,6581
883,6581,6581
922,6581,6581
1001,6581,6581
1079,6581,6581
1163,6581,6581
1436,6581,6581
1710,6581,6581
1750,6581,6581
78,6728,6728
232,6728,6728
466,6728,6728
505,6728,6728
548,6728,6728
743,6728,6728
938,6728,6728
1094,6728,6728
1172,6728,6728
1290,6728,6728
1605,6728,6728
1762,6728,6728
1803,6728,6728
1841,6728,6728
149,6721,6721
305,6721,6721
462,6721,6721
618,6721,6721
656,6721,6721
774,6721,6721
1050,6721,6721
1208,6721,6721
1287,6721,6721
1369,6721,6721
1606,6721,6721
1764,6721,6721
232,6716,6716
232,6716,6716
358,6716,6716
553,6716,6716
748,6716,6716
905,6716,6716
1099,6716,6716
1571,6716,6716
1571,6716,6716
1929,6716,6716
155,6735,6735
348,6735,6735
542,6735,6735
975,6735,6735
1015,6735,6735
1490,6735,6735
1687,6735,6735
1848,6735,6735
186,6707,6707
421,6707,6707
460,6707,6707
851,6707,6707
1090,6707,6707
1137,6707,6707
1491,6707,6707
1767,6707,6707
1927,6707,6707
453,6721,6721
531,6721,6721
922,6721,6721
1198,6721,6721
1398,6721,6721
1870,6721,6721
1870,6721,6721
458,6748,6748
653,6748,6748
1011,6748,6748
1287,6748,6748
1492,6748,6748
194,6691,6691
271,6691,6691
311,6691,6691
349,6691,6691
506,6691,6691
900,6691,6691
900,6691,6691
1060,6691,6691
1295,6691,6691
1571,6691,6691
1622,6691,6691
1935,6691,6691
239,6731,6731
317,6731,6731
680,6731,6731
993,6731,6731
1036,6731,6731
1505,6731,6731
1662,6731,6731
2005,6731,6731
435,6577,6577
556,6577,6577
1027,6577,6577
1105,6577,6577
1424,6577,6577
1738,6577,6577
1903,6577,6577
346,6725,6725
539,6725,6725
815,6725,6725
1207,6725,6725
1329,6725,6725
1842,6725,6725
1844,6725,6725
376,6719,6719
611,6719,6719
815,6719,6719
1285,6719,6719
1285,6719,6719
1760,6719,6719
227,6720,6720
266,6720,6720
661,6720,6720
937,6720,6720
1098,6720,6720
1612,6720,6720
1612,6720,6720
145,6737,6737
348,6737,6737
708,6737,6737
1022,6737,6737
1221,6737,6737
1691,6737,6737
1773,6737,6737
297,6708,6708
454,6708,6708
809,6708,6708
1124,6708,6708
1285,6708,6708
1680,6708,6708
1798,6708,6708
251,6724,6724
563,6724,6724
680,6724,6724
995,6724,6724
1232,6724,6724
1432,6724,6724
1868,6724,6724
1915,6724,6724
456,6752,6752
651,6752,6752
891,6752,6752
1325,6752,6752
1406,6752,6752
1721,6752,6752
1910,6752,6752
191,6697,6697
268,6697,6697
423,6697,6697
661,6697,6697
896,6697,6697
936,6697,6697
1096,6697,6697
1254,6697,6697
1530,6697,6697
1609,6697,6697
1810,6697,6697
1967,6697,6697
237,6734,6734
317,6734,6734
520,6734,6734
676,6734,6734
872,6734,6734
989,6734,6734
1071,6734,6734
1266,6734,6734
1461,6734,6734
1657,6734,6734
1694,6734,6734
1895,6734,6734
1973,6734,6734
154,6584,6584
354,6584,6584
433,6584,6584
672,6584,6584
868,6584,6584
1103,6584,6584
1103,6584,6584
1146,6584,6584
1264,6584,6584
1499,6584,6584
1657,6584,6584
1696,6584,6584
1696,6584,6584
1737,6584,6584
1784,6584,6584
1969,6584,6584
111,6730,6730
111,6730,6730
111,6730,6730
148,6730,6730
227,6730,6730
268,6730,6730
305,6730,6730
305,6730,6730
422,6730,6730
500,6730,6730
502,6730,6730
781,6730,6730
939,6730,6730
1136,6730,6730
1175,6730,6730
1419,6730,6730
1693,6730,6730
1849,6730,6730
1849,6730,6730
1926,6730,6730
112,6723,6723
348,6723,6723
387,6723,6723
622,6723,6723
622,6723,6723
899,6723,6723
978,6723,6723
1175,6723,6723
1294,6723,6723
1337,6723,6723
1495,6723,6723
1693,6723,6723
1851,6723,6723
233,6718,6718
233,6718,6718
428,6718,6718
545,6718,6718
662,6718,6718
896,6718,6718
896,6718,6718
1100,6718,6718
1256,6718,6718
1412,6718,6718
1569,6718,6718
1687,6718,6718
1844,6718,6718
156,6627,6627
349,6627,6627
625,6627,6627
1019,6627,6627
1101,6627,6627
1613,6627,6627
1654,6627,6627
111,6752,6752
422,6752,6752
630,6752,6752
1099,6752,6752
1142,6752,6752
1494,6752,6752
1767,6752,6752
1810,6752,6752
194,6562,6562
508,6562,6562
712,6562,6562
1181,6562,6562
1181,6562,6562
1692,6562,6562
1849,6562,6562
158,6732,6732
592,6732,6732
638,6732,6732
913,6732,6732
1266,6732,6732
1385,6732,6732
1816,6732,6732
1913,6732,6732
208,6731,6731
596,6731,6731
871,6731,6731
922,6731,6731
999,6731,6731
1234,6731,6731
1351,6731,6731
1547,6731,6731
1547,6731,6731
1707,6731,6731
1942,6731,6731
172,6726,6726
290,6726,6726
379,6726,6726
536,6726,6726
693,6726,6726
732,6726,6726
889,6726,6726
967,6726,6726
1049,6726,6726
1324,6726,6726
1520,6726,6726
1638,6726,6726
1719,6726,6726
1955,6726,6726
241,6585,6585
359,6585,6585
398,6585,6585
443,6585,6585
677,6585,6585
795,6585,6585
873,6585,6585
991,6585,6585
1070,6585,6585
1112,6585,6585
1230,6585,6585
1348,6585,6585
1506,6585,6585
1742,6585,6585
1742,6585,6585
1824,6585,6585
1970,6585,6585
198,6731,6731
276,6731,6731
433,6731,6731
511,6731,6731
630,6731,6731
946,6731,6731
1183,6731,6731
1183,6731,6731
1463,6731,6731
1582,6731,6731
1819,6731,6731
1858,6731,6731
118,6724,6724
392,6724,6724
510,6724,6724
590,6724,6724
677,6724,6724
951,6724,6724
1265,6724,6724
1307,6724,6724
1778,6724,6724
236,6714,6714
236,6714,6714
400,6714,6714
556,6714,6714
752,6714,6714
908,6714,6714
946,6714,6714
1029,6714,6714
1225,6714,6714
1460,6714,6714
1577,6714,6714
1659,6714,6714
1700,6714,6714
1854,6714,6714
1972,6714,6714
193,6733,6733
316,6733,6733
318,6733,6733
562,6733,6733
876,6733,6733
993,6733,6733
1075,6733,6733
1272,6733,6733
1507,6733,6733
1664,6733,6733
1785,6733,6733
1981,6733,6733
390,6705,6705
430,6705,6705
905,6705,6705
1101,6705,6705
1340,6705,6705
1773,6705,6705
1815,6705,6705
308,6720,6720
543,6720,6720
664,6720,6720
1016,6720,6720
1212,6720,6720
1451,6720,6720
1844,6720,6720
1891,6720,6720
221,6746,6746
538,6746,6746
656,6746,6746
932,6746,6746
1286,6746,6746
1408,6746,6746
1762,6746,6746
269,6687,6687
308,6687,6687
698,6687,6687
934,6687,6687
1135,6687,6687
1566,6687,6687
1568,6687,6687
2047,6687,6687
321,6733,6733
410,6733,6733
960,6733,6733
999,6733,6733
1435,6733,6733
1671,6733,6733
1753,6733,6733
1871,6733,6733
232,6575,6575
429,6575,6575
589,6575,6575
1022,6575,6575
1100,6575,6575
1184,6575,6575
1418,6575,6575
1654,6575,6575
1771,6575,6575
1853,6575,6575
1893,6575,6575
1932,6575,6575
181,6724,6724
298,6724,6724
337,6724,6724
337,6724,6724
340,6724,6724
533,6724,6724
688,6724,6724
925,6724,6724
1161,6724,6724
1200,6724,6724
1401,6724,6724
1637,6724,6724
1755,6724,6724
1873,6724,6724
1916,6724,6724
219,6719,6719
414,6719,6719
609,6719,6719
648,6719,6719
806,6719,6719
924,6719,6719
1160,6719,6719
1280,6719,6719
1681,6719,6719
263,6720,6720
263,6720,6720
615,6720,6720
930,6720,6720
1052,6720,6720
1485,6720,6720
1603,6720,6720
1803,6720,6720
142,6736,6736
377,6736,6736
415,6736,6736
577,6736,6736
733,6736,6736
811,6736,6736
1046,6736,6736
1128,6736,6736
1441,6736,6736
1599,6736,6736
1677,6736,6736
1803,6736,6736
1881,6736,6736
176,6706,6706
373,6706,6706
451,6706,6706
502,6706,6706
812,6706,6706
1047,6706,6706
1125,6706,6706
1280,6706,6706
1477,6706,6706
1674,6706,6706
1792,6706,6706
1792,6706,6706
1953,6706,6706
136,6724,6724
292,6724,6724
566,6724,6724
566,6724,6724
645,6724,6724
842,6724,6724
881,6724,6724
883,6724,6724
1039,6724,6724
1078,6724,6724
1078,6724,6724
1118,6724,6724
1236,6724,6724
1397,6724,6724
1673,6724,6724
1872,6724,6724
18,6753,6753
213,6753,6753
371,6753,6753
450,6753,6753
609,6753,6753
648,6753,6753
652,6753,6753
812,6753,6753
1126,6753,6753
1206,6753,6753
1206,6753,6753
1244,6753,6753
1244,6753,6753
1244,6753,6753
1284,6753,6753
1324,6753,6753
1446,6753,6753
1603,6753,6753
1838,6753,6753
226,6695,6695
265,6695,6695
499,6695,6695
734,6695,6695
775,6695,6695
932,6695,6695
975,6695,6695
1053,6695,6695
1326,6695,6695
1524,6695,6695
1602,6695,6695
1602,6695,6695
1724,6695,6695
1762,6695,6695
1959,6695,6695
234,6734,6734
351,6734,6734
429,6734,6734
508,6734,6734
744,6734,6734
901,6734,6734
982,6734,6734
1147,6734,6734
1384,6734,6734
1543,6734,6734
1659,6734,6734
1659,6734,6734
1977,6734,6734
2009,6734,6734
190,6581,6581
308,6581,6581
347,6581,6581
347,6581,6581
425,6581,6581
462,6581,6581
659,6581,6581
935,6581,6581
1092,6581,6581
1135,6581,6581
1213,6581,6581
1253,6581,6581
1371,6581,6581
1449,6581,6581
1449,6581,6581
1489,6581,6581
1646,6581,6581
1764,6581,6581
1886,6581,6581
223,6729,6729
458,6729,6729
536,6729,6729
650,6729,6729
885,6729,6729
1081,6729,6729
1120,6729,6729
1122,6729,6729
1159,6729,6729
1198,6729,6729
1198,6729,6729
1394,6729,6729
1592,6729,6729
1789,6729,6729
1829,6729,6729
1868,6729,6729
185,6722,6722
458,6722,6722
615,6722,6722
692,6722,6722
928,6722,6722
1046,6722,6722
1164,6722,6722
1283,6722,6722
1404,6722,6722
1522,6722,6722
1719,6722,6722
1798,6722,6722
193,6719,6719
269,6719,6719
346,6719,6719
661,6719,6719
898,6719,6719
937,6719,6719
1019,6719,6719
1098,6719,6719
1098,6719,6719
1137,6719,6719
1137,6719,6719
1177,6719,6719
1177,6719,6719
1177,6719,6719
1295,6719,6719
1573,6719,6719
1621,6719,6719
1899,6719,6719
148,6739,6739
347,6739,6739
347,6739,6739
510,6739,6739
704,6739,6739
822,6739,6739
822,6739,6739
861,6739,6739
861,6739,6739
1018,6739,6739
1061,6739,6739
1100,6739,6739
1100,6739,6739
1178,6739,6739
1218,6739,6739
1257,6739,6739
1532,6739,6739
1689,6739,6739
1849,6739,6739
145,6709,6709
302,6709,6709
458,6709,6709
458,6709,6709
495,6709,6709
613,6709,6709
849,6709,6709
1009,6709,6709
1046,6709,6709
1125,6709,6709
1125,6709,6709
1325,6709,6709
1561,6709,6709
1640,6709,6709
1760,6709,6709
1846,6709,6709
1968,6709,6709
105,6725,6725
222,6725,6725
340,6725,6725
536,6725,6725
575,6725,6725
812,6725,6725
852,6725,6725
970,6725,6725
1049,6725,6725
1128,6725,6725
1207,6725,6725
1207,6725,6725
1448,6725,6725
1685,6725,6725
1843,6725,6725
1882,6725,6725
62,6750,6750
337,6750,6750
573,6750,6750
652,6750,6750
769,6750,6750
964,6750,6750
1082,6750,6750
1318,6750,6750
1318,6750,6750
1318,6750,6750
1398,6750,6750
1595,6750,6750
1868,6750,6750
199,6708,6708
236,6708,6708
392,6708,6708
628,6708,6708
786,6708,6708
905,6708,6708
1027,6708,6708
1184,6708,6708
1421,6708,6708
1578,6708,6708
1621,6708,6708
1817,6708,6708
1975,6708,6708
2094,6708,6708
202,6728,6728
202,6728,6728
241,6728,6728
319,6728,6728
401,6728,6728
636,6728,6728
793,6728,6728
871,6728,6728
871,6728,6728
988,6728,6728
988,6728,6728
1148,6728,6728
1344,6728,6728
1618,6728,6728
1620,6728,6728
1746,6728,6728
125,6585,6585
404,6585,6585
408,6585,6585
643,6585,6585
918,6585,6585
1075,6585,6585
1117,6585,6585
1274,6585,6585
1431,6585,6585
1431,6585,6585
1549,6585,6585
1745,6585,6585
1788,6585,6585
1945,6585,6585
196,6733,6733
391,6733,6733
508,6733,6733
624,6733,6733
860,6733,6733
1135,6733,6733
1175,6733,6733
1336,6733,6733
1493,6733,6733
1690,6733,6733
1847,6733,6733
1890,6733,6733
155,6725,6725
429,6725,6725
429,6725,6725
586,6725,6725
586,6725,6725
664,6725,6725
821,6725,6725
940,6725,6725
1095,6725,6725
1251,6725,6725
1377,6725,6725
1494,6725,6725
1769,6725,6725
241,6712,6712
241,6712,6712
516,6712,6712
673,6712,6712
870,6712,6712
909,6712,6712
991,6712,6712
1227,6712,6712
1386,6712,6712
1543,6712,6712
1630,6712,6712
1748,6712,6712
1905,6712,6712
2050,6712,6712
320,6620,6620
328,6620,6620
409,6620,6620
643,6620,6620
800,6620,6620
995,6620,6620
1033,6620,6620
1195,6620,6620
1390,6620,6620
1469,6620,6620
1625,6620,6620
1664,6620,6620
1785,6620,6620
1942,6620,6620
2006,6620,6620
270,6747,6747
427,6747,6747
427,6747,6747
545,6747,6747
703,6747,6747
703,6747,6747
861,6747,6747
1098,6747,6747
1141,6747,6747
1418,6747,6747
1576,6747,6747
1773,6747,6747
1773,6747,6747
109,6548,6548
264,6548,6548
461,6548,6548
538,6548,6548
738,6548,6548
855,6548,6548
1089,6548,6548
1168,6548,6548
1216,6548,6548
1410,6548,6548
1605,6548,6548
1802,6548,6548
1839,6548,6548
1915,6548,6548
269,6727,6727
426,6727,6727
544,6727,6727
622,6727,6727
701,6727,6727
820,6727,6727
938,6727,6727
978,6727,6727
1136,6727,6727
1215,6727,6727
1294,6727,6727
1294,6727,6727
1574,6727,6727
1693,6727,6727
1812,6727,6727
196,6727,6727
233,6727,6727
233,6727,6727
233,6727,6727
350,6727,6727
623,6727,6727
818,6727,6727
896,6727,6727
983,6727,6727
1101,6727,6727
1218,6727,6727
1336,6727,6727
1572,6727,6727
1611,6727,6727
1845,6727,6727
156,6735,6735
195,6735,6735
352,6735,6735
430,6735,6735
707,6735,6735
904,6735,6735
945,6735,6735
985,6735,6735
1229,6735,6735
1426,6735,6735
1623,6735,6735
1663,6735,6735
1745,6735,6735
2008,6735,6735
196,6578,6578
353,6578,6578
431,6578,6578
552,6578,6578
748,6578,6578
866,6578,6578
983,6578,6578
1101,6578,6578
1183,6578,6578
1340,6578,6578
1496,6578,6578
1614,6578,6578
1771,6578,6578
1776,6578,6578
71,6727,6727
381,6727,6727
537,6727,6727
574,6727,6727
810,6727,6727
928,6727,6727
1007,6727,6727
1204,6727,6727
1286,6727,6727
1524,6727,6727
1719,6727,6727
1876,6727,6727
1919,6727,6727
1927,6727,6727
262,6721,6721
459,6721,6721
578,6721,6721
617,6721,6721
625,6721,6721
704,6721,6721
939,6721,6721
1252,6721,6721
1291,6721,6721
1486,6721,6721
1605,6721,6721
1842,6721,6721
227,6721,6721
266,6721,6721
345,6721,6721
502,6721,6721
581,6721,6721
581,6721,6721
581,6721,6721
621,6721,6721
699,6721,6721
857,6721,6721
936,6721,6721
979,6721,6721
1097,6721,6721
1176,6721,6721
1373,6721,6721
1491,6721,6721
1610,6721,6721
1652,6721,6721
1810,6721,6721
2007,6721,6721
146,6737,6737
182,6737,6737
182,6737,6737
186,6737,6737
225,6737,6737
344,6737,6737
548,6737,6737
785,6737,6737
1018,6737,6737
1099,6737,6737
1375,6737,6737
1608,6737,6737
1687,6737,6737
1729,6737,6737
1925,6737,6737
182,6708,6708
455,6708,6708
455,6708,6708
534,6708,6708
731,6708,6708
849,6708,6708
1007,6708,6708
1125,6708,6708
1168,6708,6708
1326,6708,6708
1483,6708,6708
1641,6708,6708
1799,6708,6708
1841,6708,6708
140,6724,6724
296,6724,6724
452,6724,6724
531,6724,6724
687,6724,6724
804,6724,6724
921,6724,6724
1038,6724,6724
1156,6724,6724
1195,6724,6724
1398,6724,6724
1711,6724,6724
1867,6724,6724
62,6751,6751
333,6751,6751
470,6751,6751
601,6751,6751
647,6751,6751
820,6751,6751
1008,6751,6751
1230,6751,6751
1278,6751,6751
1514,6751,6751
1696,6751,6751
201,6708,6708
238,6708,6708
238,6708,6708
277,6708,6708
393,6708,6708
434,6708,6708
472,6708,6708
629,6708,6708
708,6708,6708
906,6708,6708
906,6708,6708
1144,6708,6708
1301,6708,6708
1578,6708,6708
1578,6708,6708
1737,6708,6708
1935,6708,6708
1935,6708,6708
2092,6708,6708
207,6725,6725
289,6725,6725
291,6725,6725
612,6725,6725
847,6725,6725
964,6725,6725
964,6725,6725
1085,6725,6725
1203,6725,6725
1359,6725,6725
1633,6725,6725
1676,6725,6725
1911,6725,6725
247,6580,6580
403,6580,6580
446,6580,6580
642,6580,6580
837,6580,6580
954,6580,6580
1071,6580,6580
1192,6580,6580
1349,6580,6580
1505,6580,6580
1739,6580,6580
1821,6580,6580
81,6730,6730
235,6730,6730
313,6730,6730
508,6730,6730
545,6730,6730
703,6730,6730
821,6730,6730
978,6730,6730
1096,6730,6730
1175,6730,6730
1297,6730,6730
1572,6730,6730
1651,6730,6730
1690,6730,6730
1848,6730,6730
1848,6730,6730
1848,6730,6730
1851,6730,6730
1891,6730,6730
1891,6730,6730
75,6722,6722
114,6722,6722
114,6722,6722
231,6722,6722
388,6722,6722
505,6722,6722
623,6722,6722
625,6722,6722
820,6722,6722
1136,6722,6722
1257,6722,6722
1422,6722,6722
1620,6722,6722
1817,6722,6722
195,6715,6715
233,6715,6715
392,6715,6715
510,6715,6715
667,6715,6715
903,6715,6715
909,6715,6715
1142,6715,6715
1380,6715,6715
1575,6715,6715
1617,6715,6715
1775,6715,6715
1971,6715,6715
189,6733,6733
275,6733,6733
353,6733,6733
394,6733,6733
515,6733,6733
709,6733,6733
865,6733,6733
1021,6733,6733
1059,6733,6733
1221,6733,6733
1221,6733,6733
1377,6733,6733
1455,6733,6733
1455,6733,6733
1533,6733,6733
1652,6733,6733
1699,6733,6733
111,6704,6704
273,6704,6704
391,6704,6704
430,6704,6704
442,6704,6704
479,6704,6704
558,6704,6704
794,6704,6704
1069,6704,6704
1108,6704,6704
1386,6704,6704
1543,6704,6704
1779,6704,6704
1779,6704,6704
1960,6704,6704
223,6720,6720
416,6720,6720
533,6720,6720
533,6720,6720
649,6720,6720
767,6720,6720
885,6720,6720
1042,6720,6720
1160,6720,6720
1200,6720,6720
1478,6720,6720
1675,6720,6720
1832,6720,6720
1872,6720,6720
217,6747,6747
414,6747,6747
571,6747,6747
650,6747,6747
688,6747,6747
806,6747,6747
883,6747,6747
883,6747,6747
924,6747,6747
1079,6747,6747
1315,6747,6747
1358,6747,6747
1517,6747,6747
1672,6747,6747
192,6689,6689
271,6689,6689
353,6689,6689
353,6689,6689
394,6689,6689
394,6689,6689
394,6689,6689
431,6689,6689
629,6689,6689
786,6689,6689
904,6689,6689
1069,6689,6689
1344,6689,6689
1580,6689,6689
1580,6689,6689
1660,6689,6689
1701,6689,6689
1701,6689,6689
1779,6689,6689
1974,6689,6689
158,6733,6733
314,6733,6733
392,6733,6733
509,6733,6733
548,6733,6733
548,6733,6733
587,6733,6733
587,6733,6733
587,6733,6733
626,6733,6733
899,6733,6733
977,6733,6733
1181,6733,6733
1493,6733,6733
1649,6733,6733
1688,6733,6733
1769,6733,6733
1924,6733,6733
155,6580,6580
311,6580,6580
428,6580,6580
428,6580,6580
625,6580,6580
744,6580,6580
823,6580,6580
941,6580,6580
1099,6580,6580
1141,6580,6580
1299,6580,6580
1575,6580,6580
1772,6580,6580
1772,6580,6580
1815,6580,6580
1894,6580,6580
110,6726,6726
227,6726,6726
423,6726,6726
540,6726,6726
540,6726,6726
540,6726,6726
578,6726,6726
578,6726,6726
615,6726,6726
850,6726,6726
928,6726,6726
1124,6726,6726
1202,6726,6726
1437,6726,6726
1674,6726,6726
1872,6726,6726
1928,6726,6726
224,6720,6720
380,6720,6720
536,6720,6720
615,6720,6720
731,6720,6720
1007,6720,6720
1125,6720,6720
1243,6720,6720
1283,6720,6720
1444,6720,6720
1719,6720,6720
1798,6720,6720
190,6720,6720
268,6720,6720
426,6720,6720
624,6720,6720
861,6720,6720
939,6720,6720
982,6720,6720
1061,6720,6720
1140,6720,6720
1259,6720,6720
1259,6720,6720
1261,6720,6720
1456,6720,6720
1576,6720,6720
1624,6720,6720
1940,6720,6720
183,6737,6737
230,6737,6737
269,6737,6737
348,6737,6737
437,6737,6737
633,6737,6737
868,6737,6737
947,6737,6737
947,6737,6737
1025,6737,6737
1025,6737,6737
1225,6737,6737
1499,6737,6737
1695,6737,6737
1777,6737,6737
2002,6737,6737
257,6709,6709
452,6709,6709
529,6709,6709
726,6709,6709
923,6709,6709
1121,6709,6709
1121,6709,6709
1242,6709,6709
1242,6709,6709
1400,6709,6709
1558,6709,6709
1716,6709,6709
1795,6709,6709
1956,6709,6709
295,6725,6725
568,6725,6725
606,6725,6725
842,6725,6725
1039,6725,6725
1118,6725,6725
1158,6725,6725
1199,6725,6725
1404,6725,6725
1601,6725,6725
1877,6725,6725
1877,6725,6725
97,6752,6752
294,6752,6752
569,6752,6752
569,6752,6752
647,6752,6752
647,6752,6752
647,6752,6752
763,6752,6752
881,6752,6752
1077,6752,6752
1312,6752,6752
1356,6752,6752
1632,6752,6752
1829,6752,6752
193,6699,6699
270,6699,6699
308,6699,6699
623,6699,6699
780,6699,6699
938,6699,6699
938,6699,6699
1138,6699,6699
1374,6699,6699
1571,6699,6699
1620,6699,6699
1660,6699,6699
1698,6699,6699
1698,6699,6699
1698,6699,6699
1737,6699,6699
1935,6699,6699
161,6732,6732
322,6732,6732
445,6732,6732
678,6732,6732
912,6732,6732
990,6732,6732
1150,6732,6732
1307,6732,6732
1619,6732,6732
1658,6732,6732
1696,6732,6732
1859,6732,6732
1975,6732,6732
200,6583,6583
356,6583,6583
435,6583,6583
556,6583,6583
830,6583,6583
908,6583,6583
908,6583,6583
987,6583,6583
1067,6583,6583
1067,6583,6583
1114,6583,6583
1114,6583,6583
1349,6583,6583
1506,6583,6583
1741,6583,6583
1784,6583,6583
113,6731,6731
189,6731,6731
229,6731,6731
464,6731,6731
503,6731,6731
707,6731,6731
903,6731,6731
1099,6731,6731
1178,6731,6731
1336,6731,6731
1573,6731,6731
1691,6731,6731
1810,6731,6731
1850,6731,6731
1855,6731,6731
151,6723,6723
386,6723,6723
621,6723,6723
621,6723,6723
779,6723,6723
937,6723,6723
1174,6723,6723
1293,6723,6723
1293,6723,6723
1336,6723,6723
1454,6723,6723
1612,6723,6723
1691,6723,6723
1889,6723,6723
233,6718,6718
320,6718,6718
593,6718,6718
866,6718,6718
905,6718,6718
1063,6718,6718
1181,6718,6718
1299,6718,6718
1495,6718,6718
1574,6718,6718
1617,6718,6718
1774,6718,6718
2010,6718,6718
318,6737,6737
356,6737,6737
555,6737,6737
751,6737,6737
907,6737,6737
988,6737,6737
1113,6737,6737
1387,6737,6737
1505,6737,6737
1661,6737,6737
1661,6737,6737
1821,6737,6737
1978,6737,6737
307,6708,6708
424,6708,6708
467,6708,6708
584,6708,6708
662,6708,6708
818,6708,6708
974,6708,6708
1092,6708,6708
1170,6708,6708
1288,6708,6708
1485,6708,6708
1721,6708,6708
1760,6708,6708
1803,6708,6708
1961,6708,6708
149,6723,6723
266,6723,6723
462,6723,6723
540,6723,6723
693,6723,6723
928,6723,6723
1123,6723,6723
1201,6723,6723
1278,6723,6723
1357,6723,6723
1397,6723,6723
1594,6723,6723
1792,6723,6723
1871,6723,6723
147,6747,6747
385,6747,6747
622,6747,6747
622,6747,6747
739,6747,6747
897,6747,6747
935,6747,6747
976,6747,6747
1093,6747,6747
1291,6747,6747
1372,6747,6747
1649,6747,6747
1766,6747,6747
1844,6747,6747
237,6704,6704
237,6704,6704
237,6704,6704
278,6704,6704
278,6704,6704
278,6704,6704
315,6704,6704
315,6704,6704
317,6704,6704
629,6704,6704
904,6704,6704
947,6704,6704
1220,6704,6704
1533,6704,6704
1574,6704,6704
1733,6704,6704
1852,6704,6704
1930,6704,6704
1968,6704,6704
2087,6704,6704
170,6726,6726
288,6726,6726
290,6726,6726
455,6726,6726
689,6726,6726
924,6726,6726
963,6726,6726
1006,6726,6726
1084,6726,6726
1241,6726,6726
1476,6726,6726
1632,6726,6726
1714,6726,6726
1910,6726,6726
2013,6726,6726
205,6583,6583
363,6583,6583
400,6583,6583
716,6583,6583
990,6583,6583
1068,6583,6583
1106,6583,6583
1306,6583,6583
1463,6583,6583
1619,6583,6583
1736,6583,6583
1818,6583,6583
158,6730,6730
315,6730,6730
393,6730,6730
510,6730,6730
587,6730,6730
783,6730,6730
1059,6730,6730
1177,6730,6730
1219,6730,6730
1416,6730,6730
1534,6730,6730
1770,6730,6730
1849,6730,6730
1892,6730,6730
156,6723,6723
273,6723,6723
390,6723,6723
471,6723,6723
586,6723,6723
673,6723,6723
751,6723,6723
751,6723,6723
790,6723,6723
790,6723,6723
829,6723,6723
907,6723,6723
1064,6723,6723
1103,6723,6723
1221,6723,6723
1260,6723,6723
1457,6723,6723
1694,6723,6723
202,6714,6714
239,6714,6714
278,6714,6714
435,6714,6714
671,6714,6714
907,6714,6714
910,6714,6714
1185,6714,6714
1500,6714,6714
1579,6714,6714
1700,6714,6714
1818,6714,6714
2049,6714,6714
230,6733,6733
319,6733,6733
445,6733,6733
759,6733,6733
798,6733,6733
995,6733,6733
995,6733,6733
1155,6733,6733
1352,6733,6733
1549,6733,6733
1666,6733,6733
1748,6733,6733
1827,6733,6733
113,6705,6705
354,6705,6705
432,6705,6705
514,6705,6705
750,6705,6705
907,6705,6705
1065,6705,6705
1104,6705,6705
1186,6705,6705
1382,6705,6705
1658,6705,6705
1776,6705,6705
1776,6705,6705
1936,6705,6705
104,6720,6720
104,6720,6720
108,6720,6720
147,6720,6720
147,6720,6720
382,6720,6720
538,6720,6720
698,6720,6720
972,6720,6720
1168,6720,6720
1207,6720,6720
1406,6720,6720
1445,6720,6720
1680,6720,6720
1837,6720,6720
1876,6720,6720
1876,6720,6720
103,6747,6747
379,6747,6747
656,6747,6747
658,6747,6747
814,6747,6747
932,6747,6747
932,6747,6747
1127,6747,6747
1285,6747,6747
1324,6747,6747
1561,6747,6747
1877,6747,6747
235,6688,6688
283,6688,6688
481,6688,6688
716,6688,6688
911,6688,6688
911,6688,6688
1071,6688,6688
1190,6688,6688
1269,6688,6688
1426,6688,6688
1582,6688,6688
1663,6688,6688
1820,6688,6688
1977,6688,6688
161,6730,6730
197,6730,6730
283,6730,6730
323,6730,6730
405,6730,6730
640,6730,6730
679,6730,6730
760,6730,6730
875,6730,6730
954,6730,6730
993,6730,6730
1075,6730,6730
1114,6730,6730
1153,6730,6730
1153,6730,6730
1153,6730,6730
1193,6730,6730
1271,6730,6730
1546,6730,6730
1663,6730,6730
1863,6730,6730
195,6574,6574
392,6574,6574
429,6574,6574
429,6574,6574
668,6574,6574
785,6574,6574
865,6574,6574
1098,6574,6574
1098,6574,6574
1136,6574,6574
1415,6574,6574
1688,6574,6574
1767,6574,6574
1812,6574,6574
1849,6574,6574
1927,6574,6574
313,6724,6724
512,6724,6724
561,6724,6724
755,6724,6724
912,6724,6724
1109,6724,6724
1187,6724,6724
1311,6724,6724
1466,6724,6724
1583,6724,6724
1623,6724,6724
1662,6724,6724
1780,6724,6724
1858,6724,6724
1858,6724,6724
145,6718,6718
419,6718,6718
575,6718,6718
614,6718,6718
696,6718,6718
813,6718,6718
931,6718,6718
931,6718,6718
931,6718,6718
1126,6718,6718
1282,6718,6718
1400,6718,6718
1676,6718,6718
1833,6718,6718
191,6719,6719
267,6719,6719
423,6719,6719
423,6719,6719
699,6719,6719
935,6719,6719
1018,6719,6719
1215,6719,6719
1412,6719,6719
1610,6719,6719
1610,6719,6719
1810,6719,6719
1889,6719,6719
143,6735,6735
258,6735,6735
375,6735,6735
412,6735,6735
570,6735,6735
885,6735,6735
1043,6735,6735
1125,6735,6735
1322,6735,6735
1598,6735,6735
1678,6735,6735
1726,6735,6735
1844,6735,6735
1962,6735,6735
137,6707,6707
223,6707,6707
459,6707,6707
462,6707,6707
776,6707,6707
933,6707,6707
1051,6707,6707
1129,6707,6707
1129,6707,6707
1129,6707,6707
1129,6707,6707
1172,6707,6707
1172,6707,6707
1368,6707,6707
1682,6707,6707
1799,6707,6707
1842,6707,6707
218,6723,6723
533,6723,6723
572,6723,6723
772,6723,6723
1008,6723,6723
1165,6723,6723
1206,6723,6723
1371,6723,6723
1489,6723,6723
1686,6723,6723
1882,6723,6723
100,6752,6752
256,6752,6752
454,6752,6752
649,6752,6752
731,6752,6752
930,6752,6752
1323,6752,6752
1323,6752,6752
1641,6752,6752
186,6689,6689
268,6689,6689
665,6689,6689
942,6689,6689
1101,6689,6689
1495,6689,6689
1614,6689,6689
1814,6689,6689
2050,6689,6689
356,6736,6736
356,6736,6736
555,6736,6736
712,6736,6736
908,6736,6736
988,6736,6736
1114,6736,6736
1271,6736,6736
1388,6736,6736
1466,6736,6736
1545,6736,6736
1662,6736,6736
1705,6736,6736
1862,6736,6736
186,6580,6580
420,6580,6580
428,6580,6580
702,6580,6580
702,6580,6580
780,6580,6580
1053,6580,6580
1092,6580,6580
1092,6580,6580
1289,6580,6580
1486,6580,6580
1525,6580,6580
1604,6580,6580
1604,6580,6580
1606,6580,6580
1643,6580,6580
1643,6580,6580
1761,6580,6580
1922,6580,6580
266,6729,6729
501,6729,6729
540,6729,6729
778,6729,6729
975,6729,6729
1173,6729,6729
1213,6729,6729
1374,6729,6729
1532,6729,6729
1651,6729,6729
1730,6729,6729
1851,6729,6729
1898,6729,6729
112,6722,6722
191,6722,6722
426,6722,6722
623,6722,6722
744,6722,6722
980,6722,6722
1019,6722,6722
1058,6722,6722
1097,6722,6722
1294,6722,6722
1415,6722,6722
1690,6722,6722
1731,6722,6722
1886,6722,6722
268,6721,6721
347,6721,6721
426,6721,6721
505,6721,6721
505,6721,6721
584,6721,6721
860,6721,6721
939,6721,6721
1140,6721,6721
1376,6721,6721
1574,6721,6721
1576,6721,6721
1702,6721,6721
1820,6721,6721
1862,6721,6721
1978,6721,6721
2017,6721,6721
149,6740,6740
185,6740,6740
232,6740,6740
350,6740,6740
471,6740,6740
745,6740,6740
1020,6740,6740
1062,6740,6740
1219,6740,6740
1376,6740,6740
1651,6740,6740
1690,6740,6740
1690,6740,6740
1811,6740,6740
1928,6740,6740
2007,6740,6740
223,6710,6710
380,6710,6710
458,6710,6710
613,6710,6710
770,6710,6710
888,6710,6710
927,6710,6710
1085,6710,6710
1124,6710,6710
1363,6710,6710
1678,6710,6710
1759,6710,6710
1845,6710,6710
1884,6710,6710
1963,6710,6710
1963,6710,6710
1963,6710,6710
1963,6710,6710
106,6725,6725
380,6725,6725
536,6725,6725
690,6725,6725
924,6725,6725
1198,6725,6725
1236,6725,6725
1473,6725,6725
1631,6725,6725
1828,6725,6725
1868,6725,6725
1910,6725,6725
152,6750,6750
426,6750,6750
609,6750,6750
611,6750,6750
755,6750,6750
986,6750,6750
1075,6750,6750
1212,6750,6750
1303,6750,6750
1303,6750,6750
1477,6750,6750
1708,6750,6750
205,6716,6716
242,6716,6716
377,6716,6716
606,6716,6716
880,6716,6716
880,6716,6716
995,6716,6716
1132,6716,6716
1134,6716,6716
1178,6716,6716
1178,6716,6716
1178,6716,6716
1269,6716,6716
1459,6716,6716
1543,6716,6716
1755,6716,6716
1978,6716,6716
213,6720,6720
255,6720,6720
294,6720,6720
294,6720,6720
333,6720,6720
333,6720,6720
333,6720,6720
414,6720,6720
695,6720,6720
970,6720,6720
1008,6720,6720
1210,6720,6720
1249,6720,6720
1368,6720,6720
1370,6720,6720
1408,6720,6720
1408,6720,6720
1447,6720,6720
1645,6720,6720
1684,6720,6720
1964,6720,6720
322,6577,6577
400,6577,6577
561,6577,6577
678,6577,6577
834,6577,6577
1030,6577,6577
1069,6577,6577
1190,6577,6577
1386,6577,6577
1503,6577,6577
1581,6577,6577
1699,6577,6577
1738,6577,6577
80,6732,6732
316,6732,6732
474,6732,6732
513,6732,6732
713,6732,6732
909,6732,6732
1027,6732,6732
1185,6732,6732
1185,6732,6732
1306,6732,6732
1384,6732,6732
1424,6732,6732
1620,6732,6732
1780,6732,6732
1856,6732,6732
72,6724,6724
267,6724,6724
423,6724,6724
618,6724,6724
656,6724,6724
813,6724,6724
971,6724,6724
1052,6724,6724
1247,6724,6724
1287,6724,6724
1448,6724,6724
1724,6724,6724
195,6713,6713
232,6713,6713
438,6713,6713
595,6713,6713
793,6713,6713
909,6713,6713
909,6713,6713
1226,6713,6713
1344,6713,6713
1540,6713,6713
1579,6713,6713
1700,6713,6713
1700,6713,6713
1739,6713,6713
1857,6713,6713
153,6732,6732
353,6732,6732
391,6732,6732
631,6732,6732
787,6732,6732
1021,6732,6732
1059,6732,6732
1299,6732,6732
1533,6732,6732
1572,6732,6732
1652,6732,6732
1738,6732,6732
1817,6732,6732
146,6703,6703
426,6703,6703
428,6703,6703
552,6703,6703
709,6703,6703
984,6703,6703
1102,6703,6703
1144,6703,6703
1262,6703,6703
1301,6703,6703
1340,6703,6703
1340,6703,6703
1380,6703,6703
1497,6703,6703
1654,6703,6703
1772,6703,6703
1956,6703,6703
337,6718,6718
415,6718,6718
532,6718,6718
532,6718,6718
614,6718,6718
926,6718,6718
1160,6718,6718
1199,6718,6718
1319,6718,6718
1593,6718,6718
1789,6718,6718
1868,6718,6718
1868,6718,6718
1911,6718,6718
134,6746,6746
173,6746,6746
173,6746,6746
213,6746,6746
330,6746,6746
644,6746,6746
644,6746,6746
955,6746,6746
1190,6746,6746
1308,6746,6746
1391,6746,6746
1548,6746,6746
1664,6746,6746
1703,6746,6746
1861,6746,6746
189,6683,6683
265,6683,6683
341,6683,6683
459,6683,6683
539,6683,6683
657,6683,6683
813,6683,6683
930,6683,6683
1091,6683,6683
1209,6683,6683
1327,6683,6683
1523,6683,6683
1565,6683,6683
1731,6683,6683
2004,6683,6683
269,6735,6735
308,6735,6735
347,6735,6735
425,6735,6735
465,6735,6735
465,6735,6735
546,6735,6735
740,6735,6735
898,6735,6735
978,6735,6735
1105,6735,6735
1223,6735,6735
1301,6735,6735
1301,6735,6735
1341,6735,6735
1498,6735,6735
1656,6735,6735
1777,6735,6735
108,6572,6572
304,6572,6572
421,6572,6572
506,6572,6572
625,6572,6572
664,6572,6572
782,6572,6572
782,6572,6572
782,6572,6572
782,6572,6572
822,6572,6572
940,6572,6572
1098,6572,6572
1219,6572,6572
1535,6572,6572
1772,6572,6572
1893,6572,6572
101,6725,6725
222,6725,6725
458,6725,6725
536,6725,6725
618,6725,6725
777,6725,6725
893,6725,6725
1011,6725,6725
1129,6725,6725
1208,6725,6725
1208,6725,6725
1208,6725,6725
1209,6725,6725
1250,6725,6725
1368,6725,6725
1683,6725,6725
1879,6725,6725
1879,6725,6725
94,6720,6720
250,6720,6720
328,6720,6720
641,6720,6720
641,6720,6720
836,6720,6720
915,6720,6720
956,6720,6720
994,6720,6720
1151,6720,6720
1309,6720,6720
1470,6720,6720
1667,6720,6720
1865,6720,6720
180,6724,6724
258,6724,6724
262,6724,6724
304,6724,6724
304,6724,6724
580,6724,6724
895,6724,6724
935,6724,6724
1135,6724,6724
1332,6724,6724
1530,6724,6724
1569,6724,6724
1608,6724,6724
1769,6724,6724
1809,6724,6724
1811,6724,6724
2006,6724,6724
178,6738,6738
293,6738,6738
332,6738,6738
371,6738,6738
524,6738,6738
759,6738,6738
1032,6738,6738
1070,6738,6738
1267,6738,6738
1425,6738,6738
1662,6738,6738
1701,6738,6738
1823,6738,6738
1996,6738,6738
291,6708,6708
330,6708,6708
449,6708,6708
449,6708,6708
536,6708,6708
654,6708,6708
811,6708,6708
1046,6708,6708
1124,6708,6708
1322,6708,6708
1557,6708,6708
1676,6708,6708
1795,6708,6708
1798,6708,6708
91,6726,6726
285,6726,6726
324,6726,6726
559,6726,6726
636,6726,6726
952,6726,6726
1229,6726,6726
1229,6726,6726
1390,6726,6726
1548,6726,6726
1746,6726,6726
1904,6726,6726
1904,6726,6726
1904,6726,6726
140,6755,6755
368,6755,6755
459,6755,6755
550,6755,6755
641,6755,6755
683,6755,6755
953,6755,6755
1224,6755,6755
1315,6755,6755
1443,6755,6755
1625,6755,6755
1762,6755,6755
190,6700,6700
232,6700,6700
280,6700,6700
371,6700,6700
554,6700,6700
557,6700,6700
599,6700,6700
599,6700,6700
605,6700,6700
645,6700,6700
919,6700,6700
919,6700,6700
1229,6700,6700
1505,6700,6700
1556,6700,6700
1606,6700,6700
1832,6700,6700
2015,6700,6700
2062,6700,6700
163,6729,6729
199,6729,6729
285,6729,6729
325,6729,6729
524,6729,6729
838,6729,6729
958,6729,6729
1084,6729,6729
1241,6729,6729
1476,6729,6729
1633,6729,6729
1638,6729,6729
1754,6729,6729
1793,6729,6729
1911,6729,6729
117,6581,6581
392,6581,6581
440,6581,6581
715,6581,6581
754,6581,6581
991,6581,6581
1069,6581,6581
1232,6581,6581
1427,6581,6581
1663,6581,6581
1742,6581,6581
1824,6581,6581
150,6734,6734
345,6734,6734
502,6734,6734
549,6734,6734
823,6734,6734
863,6734,6734
863,6734,6734
902,6734,6734
1060,6734,6734
1178,6734,6734
1178,6734,6734
1418,6734,6734
1694,6734,6734
1852,6734,6734
1852,6734,6734
1934,6734,6734
111,6726,6726
421,6726,6726
616,6726,6726
654,6726,6726
811,6726,6726
890,6726,6726
1086,6726,6726
1283,6726,6726
1365,6726,6726
1640,6726,6726
1894,6726,6726
229,6718,6718
346,6718,6718
502,6718,6718
737,6718,6718
893,6718,6718
940,6718,6718
1096,6718,6718
1175,6718,6718
1409,6718,6718
1565,6718,6718
1605,6718,6718
1762,6718,6718
2038,6718,6718
268,6737,6737
307,6737,6737
346,6737,6737
504,6737,6737
780,6737,6737
938,6737,6737
1016,6737,6737
1140,6737,6737
1296,6737,6737
1375,6737,6737
1375,6737,6737
1493,6737,6737
1533,6737,6737
1533,6737,6737
1533,6737,6737
1572,6737,6737
1651,6737,6737
1651,6737,6737
1653,6737,6737
1779,6737,6737
106,6708,6708
305,6708,6708
423,6708,6708
427,6708,6708
590,6708,6708
708,6708,6708
708,6708,6708
708,6708,6708
747,6708,6708
747,6708,6708
786,6708,6708
1061,6708,6708
1100,6708,6708
1143,6708,6708
1184,6708,6708
1417,6708,6708
1456,6708,6708
1456,6708,6708
1458,6708,6708
1496,6708,6708
1613,6708,6708
1770,6708,6708
1852,6708,6708
221,6723,6723
455,6723,6723
533,6723,6723
728,6723,6723
925,6723,6723
1122,6723,6723
1201,6723,6723
1323,6723,6723
1480,6723,6723
1638,6723,6723
1837,6723,6723
1874,6723,6723
1874,6723,6723
223,6747,6747
497,6747,6747
538,6747,6747
617,6747,6747
659,6747,6747
855,6747,6747
1053,6747,6747
1289,6747,6747
1289,6747,6747
1568,6747,6747
1804,6747,6747
195,6700,6700
232,6700,6700
349,6700,6700
584,6700,6700
778,6700,6700
819,6700,6700
897,6700,6700
978,6700,6700
1096,6700,6700
1410,6700,6700
1566,6700,6700
1647,6700,6700
1844,6700,6700
163,6728,6728
246,6728,6728
287,6728,6728
373,6728,6728
451,6728,6728
647,6728,6728
961,6728,6728
961,6728,6728
1238,6728,6728
1358,6728,6728
1630,6728,6728
1630,6728,6728
1869,6728,6728
1986,6728,6728
279,6582,6582
396,6582,6582
434,6582,6582
596,6582,6582
793,6582,6582
1065,6582,6582
1065,6582,6582
1227,6582,6582
1459,6582,6582
1616,6582,6582
1618,6582,6582
1655,6582,6582
1733,6582,6582
1893,6582,6582
117,6732,6732
235,6732,6732
431,6732,6732
509,6732,6732
550,6732,6732
667,6732,6732
904,6732,6732
1180,6732,6732
1180,6732,6732
1302,6732,6732
1421,6732,6732
1421,6732,6732
1579,6732,6732
1657,6732,6732
1699,6732,6732
1736,6732,6732
1776,6732,6732
1817,6732,6732
120,6724,6724
277,6724,6724
434,6724,6724
552,6724,6724
591,6724,6724
712,6724,6724
908,6724,6724
908,6724,6724
908,6724,6724
948,6724,6724
948,6724,6724
948,6724,6724
987,6724,6724
987,6724,6724
1104,6724,6724
1261,6724,6724
1383,6724,6724
1618,6724,6724
1893,6724,6724
198,6714,6714
237,6714,6714
394,6714,6714
630,6714,6714
826,6714,6714
865,6714,6714
904,6714,6714
1065,6714,6714
1065,6714,6714
1143,6714,6714
1261,6714,6714
1302,6714,6714
1497,6714,6714
1538,6714,6714
1781,6714,6714
2049,6714,6714
280,6735,6735
319,6735,6735
401,6735,6735
519,6735,6735
715,6735,6735
833,6735,6735
990,6735,6735
990,6735,6735
1190,6735,6735
1347,6735,6735
1465,6735,6735
1622,6735,6735
1662,6735,6735
1822,6735,6735
1901,6735,6735
113,6707,6707
157,6707,6707
196,6707,6707
313,6707,6707
353,6707,6707
353,6707,6707
431,6707,6707
431,6707,6707
431,6707,6707
469,6707,6707
469,6707,6707
709,6707,6707
983,6707,6707
1100,6707,6707
1138,6707,6707
1223,6707,6707
1378,6707,6707
1378,6707,6707
1380,6707,6707
1417,6707,6707
1417,6707,6707
1456,6707,6707
1730,6707,6707
1732,6707,6707
1858,6707,6707
71,6721,6721
350,6721,6721
507,6721,6721
507,6721,6721
675,6721,6721
832,6721,6721
1106,6721,6721
1185,6721,6721
1423,6721,6721
1659,6721,6721
1737,6721,6721
1855,6721,6721
66,6745,6745
149,6745,6745
149,6745,6745
306,6745,6745
620,6745,6745
620,6745,6745
858,6745,6745
1095,6745,6745
1250,6745,6745
1291,6745,6745
1529,6745,6745
1726,6745,6745
1805,6745,6745
198,6696,6696
235,6696,6696
472,6696,6696
629,6696,6696
786,6696,6696
827,6696,6696
827,6696,6696
865,6696,6696
906,6696,6696
1027,6696,6696
1342,6696,6696
1579,6696,6696
1579,6696,6696
1817,6696,6696
1975,6696,6696
162,6729,6729
244,6729,6729
244,6729,6729
322,6729,6729
404,6729,6729
679,6729,6729
836,6729,6729
955,6729,6729
1120,6729,6729
1395,6729,6729
1473,6729,6729
1630,6729,6729
1673,6729,6729
1791,6729,6729
1987,6729,6729
241,6577,6577
319,6577,6577
398,6577,6577
398,6577,6577
603,6577,6577
603,6577,6577
838,6577,6577
1073,6577,6577
1111,6577,6577
1351,6577,6577
1625,6577,6577
1703,6577,6577
1742,6577,6577
1902,6577,6577
73,6725,6725
229,6725,6725
465,6725,6725
505,6725,6725
666,6725,6725
823,6725,6725
1020,6725,6725
1178,6725,6725
1178,6725,6725
1221,6725,6725
1420,6725,6725
1615,6725,6725
1733,6725,6725
1852,6725,6725
67,6719,6719
349,6719,6719
584,6719,6719
623,6719,6719
822,6719,6719
979,6719,6719
1214,6719,6719
1214,6719,6719
1255,6719,6719
1459,6719,6719
1498,6719,6719
1772,6719,6719
193,6718,6718
229,6718,6718
437,6718,6718
594,6718,6718
751,6718,6718
908,6718,6718
951,6718,6718
1186,6718,6718
1383,6718,6718
1579,6718,6718
1621,6718,6718
1857,6718,6718
150,6736,6736
343,6736,6736
618,6736,6736
1011,6736,6736
1132,6736,6736
1368,6736,6736
1683,6736,6736
1843,6736,6736
143,6707,6707
419,6707,6707
614,6707,6707
1082,6707,6707
1082,6707,6707
1510,6707,6707
1744,6707,6707
1961,6707,6707
496,6723,6723
535,6723,6723
811,6723,6723
1050,6723,6723
1206,6723,6723
1485,6723,6723
1762,6723,6723
1843,6723,6723
239,6748,6748
605,6748,6748
750,6748,6748
1115,6748,6748
1297,6748,6748
1516,6748,6748
199,6701,6701
236,6701,6701
627,6701,6701
904,6701,6701
1104,6701,6701
1419,6701,6701
1576,6701,6701
1776,6701,6701
2050,6701,6701
286,6727,6727
372,6727,6727
763,6727,6727
841,6727,6727
919,6727,6727
958,6727,6727
995,6727,6727
1235,6727,6727
1313,6727,6727
1470,6727,6727
1626,6727,6727
1626,6727,6727
1747,6727,6727
1903,6727,6727
285,6579,6579
402,6579,6579
402,6579,6579
402,6579,6579
562,6579,6579
680,6579,6579
876,6579,6579
993,6579,6579
1072,6579,6579
1193,6579,6579
1389,6579,6579
1467,6579,6579
1624,6579,6579
1702,6579,6579
1702,6579,6579
1741,6579,6579
1823,6579,6579
232,6728,6728
506,6728,6728
506,6728,6728
703,6728,6728
901,6728,6728
1098,6728,6728
1177,6728,6728
1177,6728,6728
1417,6728,6728
1654,6728,6728
1772,6728,6728
1851,6728,6728
71,6721,6721
266,6721,6721
422,6721,6721
617,6721,6721
619,6721,6721
813,6721,6721
1049,6721,6721
1128,6721,6721
1248,6721,6721
1374,6721,6721
1413,6721,6721
1688,6721,6721
1767,6721,6721
1885,6721,6721
231,6716,6716
231,6716,6716
509,6716,6716
745,6716,6716
863,6716,6716
863,6716,6716
902,6716,6716
1024,6716,6716
1026,6716,6716
1181,6716,6716
1299,6716,6716
1496,6716,6716
1575,6716,6716
1736,6716,6716
1932,6716,6716
2011,6716,6716
187,6734,6734
234,6734,6734
312,6734,6734
351,6734,6734
433,6734,6734
746,6734,6734
942,6734,6734
983,6734,6734
1069,6734,6734
1343,6734,6734
1656,6734,6734
1656,6734,6734
1816,6734,6734
1933,6734,6734
184,6706,6706
380,6706,6706
419,6706,6706
505,6706,6706
661,6706,6706
934,6706,6706
1090,6706,6706
1129,6706,6706
1247,6706,6706
1404,6706,6706
1444,6706,6706
1640,6706,6706
1758,6706,6706
1880,6706,6706
103,6721,6721
296,6721,6721
530,6721,6721
568,6721,6721
726,6721,6721
804,6721,6721
962,6721,6721
1159,6721,6721
1199,6721,6721
1199,6721,6721
1320,6721,6721
1439,6721,6721
1675,6721,6721
1872,6721,6721
1872,6721,6721
62,6748,6748
185,6748,6748
340,6748,6748
459,6748,6748
576,6748,6748
617,6748,6748
617,6748,6748
617,6748,6748
738,6748,6748
974,6748,6748
1131,6748,6748
1289,6748,6748
1370,6748,6748
1568,6748,6748
1725,6748,6748
228,6692,6692
228,6692,6692
236,6692,6692
279,6692,6692
279,6692,6692
279,6692,6692
553,6692,6692
789,6692,6692
908,6692,6692
912,6692,6692
989,6692,6692
