# Command line arguments:  -XX:+UseParallelGC -Xmx7g  Program arguments:  --gc_once --object_activity 

used memory, total memory, maximum memory
5,245,6372
139,309,6372
364,437,6372
322,818,6372
687,818,6372
778,1155,6372
791,1659,6372
1244,1659,6372
1073,1982,6372
1548,1982,6372
1422,2542,6372
1870,2542,6372
1526,2945,6372
1952,2945,6372
1666,3691,6372
2114,3691,6372
2473,3691,6372
2539,3691,6372
2539,3691,6372
2539,3691,6372
2575,3691,6372
2669,3691,6372
2802,3691,6372
2963,3691,6372
3028,3691,6372
2091,4232,6372
2150,4232,6372
2185,4232,6372
2215,4232,6372
2281,4232,6372
2379,4232,6372
2543,4232,6372
2674,4232,6372
2740,4232,6372
2838,4232,6372
2936,4232,6372
3035,4232,6372
3067,4232,6372
3234,4232,6372
3395,4232,6372
2514,5157,6372
2552,5157,6372
2679,5157,6372
2816,5157,6372
2953,5157,6372
3008,5157,6372
3044,5157,6372
3092,5157,6372
3135,5157,6372
3272,5157,6372
3457,5157,6372
3683,5157,6372
3865,5157,6372
3911,5157,6372
4002,5157,6372
4094,5157,6372
4276,5157,6372
4306,5157,6372
3064,6008,6372
3350,6008,6372
3586,6008,6372
3900,6008,6372
4254,6008,6372
4450,6008,6372
4450,6008,6372
4450,6008,6372
4490,6008,6372
4568,6008,6372
4607,6008,6372
4607,6008,6372
4686,6008,6372
5000,6008,6372
3661,7038,7038
3801,7038,7038
4075,7038,7038
4120,7038,7038
4120,7038,7038
4211,7038,7038
4394,7038,7038
4576,7038,7038
4895,7038,7038
4986,7038,7038
5032,7038,7038
5077,7038,7038
5077,7038,7038
0,7047,7047
136,7047,7047
182,7047,7047
229,7047,7047
275,7047,7047
321,7047,7047
321,7047,7047
367,7047,7047
367,7047,7047
596,7047,7047
824,7047,7047
916,7047,7047
963,7047,7047
1008,7047,7047
1008,7047,7047
1151,7047,7047
1287,7047,7047
1287,7047,7047
1334,7047,7047
1471,7047,7047
1563,7047,7047
1702,7047,7047
1796,7047,7047
1796,7047,7047
1843,7047,7047
1843,7047,7047
1935,7047,7047
2027,7047,7047
2072,7047,7047
182,7009,7009
274,7009,7009
274,7009,7009
323,7009,7009
552,7009,7009
827,7009,7009
964,7009,7009
1105,7009,7009
1334,7009,7009
1609,7009,7009
1609,7009,7009
1795,7009,7009
2026,7009,7009
2070,7009,7009
2070,7009,7009
2207,7009,7009
2207,7009,7009
2253,7009,7009
2255,7009,7009
2355,7009,7009
379,7028,7028
699,7028,7028
699,7028,7028
743,7028,7028
787,7028,7028
878,7028,7028
924,7028,7028
970,7028,7028
970,7028,7028
970,7028,7028
1152,7028,7028
1380,7028,7028
1471,7028,7028
1747,7028,7028
2023,7028,7028
2023,7028,7028
2257,7028,7028
2349,7028,7028
216,7008,7008
353,7008,7008
536,7008,7008
536,7008,7008
627,7008,7008
900,7008,7008
1219,7008,7008
1219,7008,7008
1263,7008,7008
1309,7008,7008
1493,7008,7008
1631,7008,7008
1677,7008,7008
1863,7008,7008
1865,7008,7008
1917,7008,7008
1917,7008,7008
2146,7008,7008
2376,7008,7008
300,7019,7019
438,7019,7019
438,7019,7019
438,7019,7019
487,7019,7019
487,7019,7019
627,7019,7019
945,7019,7019
1085,7019,7019
1230,7019,7019
1505,7019,7019
1688,7019,7019
1780,7019,7019
1780,7019,7019
1829,7019,7019
1875,7019,7019
2104,7019,7019
2241,7019,7019
2425,7019,7019
2474,7019,7019
361,6996,6996
592,6996,6996
638,6996,6996
732,6996,6996
822,6996,6996
916,6996,6996
1055,6996,6996
1332,6996,6996
1516,6996,6996
1516,6996,6996
1610,6996,6996
1704,6996,6996
1842,6996,6996
1934,6996,6996
2119,6996,6996
2165,6996,6996
2392,6996,6996
505,6971,6971
642,6971,6971
733,6971,6971
733,6971,6971
778,6971,6971
1005,6971,6971
1188,6971,6971
1371,6971,6971
1427,6971,6971
1748,6971,6971
1977,6971,6971
2068,6971,6971
2068,6971,6971
2251,6971,6971
330,6969,6969
414,6969,6969
581,6969,6969
587,6969,6969
686,6969,6969
895,6969,6969
1156,6969,6969
1282,6969,6969
1282,6969,6969
1282,6969,6969
1330,6969,6969
1585,6969,6969
1794,6969,6969
1951,6969,6969
2046,6969,6969
2255,6969,6969
378,6985,6985
507,6985,6985
554,6985,6985
774,6985,6985
774,6985,6985
1039,6985,6985
1216,6985,6985
1264,6985,6985
1441,6985,6985
1618,6985,6985
1839,6985,6985
1883,6985,6985
1974,6985,6985
2238,6985,6985
2462,6985,6985
448,6913,6913
489,6913,6913
532,6913,6913
803,6913,6913
1079,6913,6913
1129,6913,6913
1272,6913,6913
1548,6913,6913
1732,6913,6913
1824,6913,6913
1998,6913,6913
2232,6913,6913
2365,6913,6913
2461,6913,6913
373,6949,6949
920,6949,6949
966,6949,6949
1370,6949,6949
1646,6949,6949
1866,6949,6949
2141,6949,6949
2325,6949,6949
473,6941,6941
884,6941,6941
930,6941,6941
1150,6941,6941
1610,6941,6941
1610,6941,6941
1968,6941,6941
2290,6941,6941
360,6945,6945
672,6945,6945
901,6945,6945
942,6945,6945
1212,6945,6945
1488,6945,6945
1580,6945,6945
1667,6945,6945
1891,6945,6945
2212,6945,6945
2216,6945,6945
2405,6945,6945
560,6938,6938
651,6938,6938
880,6938,6938
925,6938,6938
976,6938,6938
1022,6938,6938
1251,6938,6938
1388,6938,6938
1526,6938,6938
1570,6938,6938
1667,6938,6938
1712,6938,6938
1942,6938,6938
2125,6938,6938
2175,6938,6938
2410,6938,6938
440,6944,6944
672,6944,6944
809,6944,6944
908,6944,6944
1132,6944,6944
1360,6944,6944
1406,6944,6944
1456,6944,6944
1689,6944,6944
1872,6944,6944
2146,6944,6944
2146,6944,6944
2423,6944,6944
558,6953,6953
696,6953,6953
742,6953,6953
1020,6953,6953
1208,6953,6953
1433,6953,6953
1659,6953,6953
2072,6953,6953
2167,6953,6953
531,6938,6938
701,6938,6938
885,6938,6938
1115,6938,6938
1350,6938,6938
1448,6938,6938
1724,6938,6938
1816,6938,6938
2046,6938,6938
2095,6938,6938
2464,6938,6938
554,6905,6905
645,6905,6905
687,6905,6905
956,6905,6905
1138,6905,6905
1321,6905,6905
1449,6905,6905
1677,6905,6905
1957,6905,6905
2144,6905,6905
2372,6905,6905
648,6894,6894
731,6894,6894
1279,6894,6894
1285,6894,6894
1609,6894,6894
1975,6894,6894
1975,6894,6894
2286,6894,6894
600,6876,6876
640,6876,6876
1078,6876,6876
1276,6876,6876
1316,6876,6876
1316,6876,6876
1356,6876,6876
1635,6876,6876
1794,6876,6876
1873,6876,6876
1952,6876,6876
2160,6876,6876
2398,6876,6876
696,6808,6808
696,6808,6808
976,6808,6808
1252,6808,6808
1331,6808,6808
1539,6808,6808
1736,6808,6808
1775,6808,6808
2012,6808,6808
2012,6808,6808
2292,6808,6808
476,6893,6893
598,6893,6893
637,6893,6893
716,6893,6893
802,6893,6893
922,6893,6893
1118,6893,6893
1354,6893,6893
1393,6893,6893
1592,6893,6893
1710,6893,6893
1828,6893,6893
2063,6893,6893
2063,6893,6893
2341,6893,6893
541,6766,6766
778,6766,6766
778,6766,6766
978,6766,6766
1096,6766,6766
1372,6766,6766
1451,6766,6766
1492,6766,6766
1691,6766,6766
1967,6766,6766
2085,6766,6766
2135,6766,6766
2253,6766,6766
436,6883,6883
670,6883,6883
826,6883,6883
909,6883,6883
1107,6883,6883
1384,6883,6883
1463,6883,6883
1869,6883,6883
2146,6883,6883
2228,6883,6883
736,6876,6876
854,6876,6876
1014,6876,6876
1093,6876,6876
1447,6876,6876
1526,6876,6876
1726,6876,6876
2159,6876,6876
2198,6876,6876
641,6903,6903
881,6903,6903
964,6903,6903
1243,6903,6903
1562,6903,6903
1611,6903,6903
1891,6903,6903
2210,6903,6903
360,6901,6901
908,6901,6901
908,6901,6901
1347,6901,6901
1505,6901,6901
1505,6901,6901
1505,6901,6901
1544,6901,6901
1584,6901,6901
1830,6901,6901
2106,6901,6901
2225,6901,6901
433,6916,6916
595,6916,6916
798,6916,6916
919,6916,6916
1001,6916,6916
1326,6916,6916
1447,6916,6916
1571,6916,6916
1571,6916,6916
1778,6916,6916
2022,6916,6916
2265,6916,6916
2265,6916,6916
471,6915,6915
715,6915,6915
839,6915,6915
919,6915,6915
1009,6915,6915
1173,6915,6915
1337,6915,6915
1501,6915,6915
1581,6915,6915
1631,6915,6915
1673,6915,6915
1673,6915,6915
1673,6915,6915
1715,6915,6915
1715,6915,6915
1715,6915,6915
1959,6915,6915
2163,6915,6915
2203,6915,6915
2285,6915,6915
2337,6915,6915
474,6920,6920
702,6920,6920
842,6920,6920
930,6920,6920
1058,6920,6920
1240,6920,6920
1377,6920,6920
1514,6920,6920
1605,6920,6920
1778,6920,6920
2098,6920,6920
2240,6920,6920
2336,6920,6920
483,6919,6919
752,6919,6919
889,6919,6919
934,6919,6919
1159,6919,6919
1428,6919,6919
1570,6919,6919
1666,6919,6919
1849,6919,6919
2078,6919,6919
2260,6919,6919
2302,6919,6919
2342,6919,6919
483,6923,6923
670,6923,6923
719,6923,6923
852,6923,6923
903,6923,6923
953,6923,6923
1091,6923,6923
1275,6923,6923
1413,6923,6923
1598,6923,6923
1598,6923,6923
1870,6923,6923
2146,6923,6923
2238,6923,6923
358,6923,6923
624,6923,6923
808,6923,6923
900,6923,6923
989,6923,6923
1218,6923,6923
1494,6923,6923
1586,6923,6923
1586,6923,6923
1726,6923,6923
1996,6923,6923
2226,6923,6923
2270,6923,6923
445,6931,6931
719,6931,6931
903,6931,6931
903,6931,6931
1030,6931,6931
1214,6931,6931
1397,6931,6931
1443,6931,6931
1580,6931,6931
1708,6931,6931
1845,6931,6931
2029,6931,6931
2166,6931,6931
2212,6931,6931
2307,6931,6931
416,6932,6932
687,6932,6932
824,6932,6932
869,6932,6932
1003,6932,6932
1281,6932,6932
1459,6932,6932
1509,6932,6932
1788,6932,6932
2198,6932,6932
2198,6932,6932
2413,6932,6932
524,6950,6950
707,6950,6950
845,6950,6950
940,6950,6950
1306,6950,6950
1489,6950,6950
1584,6950,6950
1859,6950,6950
1905,6950,6950
2138,6950,6950
2190,6950,6950
2190,6950,6950
2235,6950,6950
416,6947,6947
639,6947,6947
777,6947,6947
818,6947,6947
997,6947,6947
1274,6947,6947
1413,6947,6947
1459,6947,6947
1633,6947,6947
1817,6947,6947
2002,6947,6947
2099,6947,6947
2289,6947,6947
2431,6947,6947
522,6943,6943
750,6943,6943
750,6943,6943
936,6943,6943
1164,6943,6943
1347,6943,6943
1392,6943,6943
1624,6943,6943
1806,6943,6943
1989,6943,6943
2039,6943,6943
2181,6943,6943
2455,6943,6943
590,6929,6929
679,6929,6929
723,6929,6929
820,6929,6929
957,6929,6929
1003,6929,6929
1140,6929,6929
1277,6929,6929
1325,6929,6929
1327,6929,6929
1561,6929,6929
1698,6929,6929
1835,6929,6929
1972,6929,6929
1977,6929,6929
2018,6929,6929
2018,6929,6929
2018,6929,6929
2113,6929,6929
2433,6929,6929
518,6895,6895
638,6895,6895
640,6895,6895
884,6895,6895
1171,6895,6895
1291,6895,6895
1380,6895,6895
1463,6895,6895
1707,6895,6895
1829,6895,6895
1950,6895,6895
2042,6895,6895
2246,6895,6895
474,6872,6872
634,6872,6872
638,6872,6872
765,6872,6872
1049,6872,6872
1252,6872,6872
1292,6872,6872
1425,6872,6872
1628,6872,6872
1951,6872,6872
1992,6872,6872
2116,6872,6872
2277,6872,6872
2456,6872,6872
627,6881,6881
667,6881,6881
707,6881,6881
789,6881,6881
907,6881,6881
1145,6881,6881
1303,6881,6881
1432,6881,6881
1590,6881,6881
1669,6881,6881
1946,6881,6881
1986,6881,6881
2068,6881,6881
2345,6881,6881
526,6891,6891
645,6891,6891
645,6891,6891
684,6891,6891
812,6891,6891
1089,6891,6891
1247,6891,6891
1365,6891,6891
1447,6891,6891
1565,6891,6891
1802,6891,6891
1960,6891,6891
2039,6891,6891
2121,6891,6891
2358,6891,6891
547,6873,6873
744,6873,6873
744,6873,6873
784,6873,6873
944,6873,6873
1101,6873,6873
1337,6873,6873
1415,6873,6873
1415,6873,6873
1497,6873,6873
1654,6873,6873
1811,6873,6873
1969,6873,6873
2087,6873,6873
2247,6873,6873
490,6883,6883
765,6883,6883
804,6883,6883
965,6883,6883
1240,6883,6883
1397,6883,6883
1436,6883,6883
1525,6883,6883
1604,6883,6883
1918,6883,6883
2115,6883,6883
2155,6883,6883
393,6890,6890
557,6890,6890
794,6890,6890
833,6890,6890
1079,6890,6890
1198,6890,6890
1355,6890,6890
1513,6890,6890
1562,6890,6890
1680,6890,6890
1759,6890,6890
1877,6890,6890
1996,6890,6890
2114,6890,6890
2153,6890,6890
2355,6890,6890
540,6895,6895
657,6895,6895
816,6895,6895
857,6895,6895
896,6895,6895
896,6895,6895
1097,6895,6895
1175,6895,6895
1493,6895,6895
1493,6895,6895
1693,6895,6895
1849,6895,6895
1970,6895,6895
2167,6895,6895
2211,6895,6895
457,6907,6907
661,6907,6907
864,6907,6907
864,6907,6907
1032,6907,6907
1113,6907,6907
1155,6907,6907
1317,6907,6907
1521,6907,6907
1610,6907,6907
1855,6907,6907
1936,6907,6907
2140,6907,6907
2221,6907,6907
2347,6907,6907
493,6912,6912
615,6912,6912
736,6912,6912
860,6912,6912
1026,6912,6912
1230,6912,6912
1312,6912,6912
1476,6912,6912
1555,6912,6912
1637,6912,6912
1881,6912,6912
2005,6912,6912
2208,6912,6912
2208,6912,6912
495,6916,6916
678,6916,6916
866,6916,6916
872,6916,6916
1054,6916,6916
1282,6916,6916
1511,6916,6916
1557,6916,6916
1684,6916,6916
1959,6916,6916
2193,6916,6916
2370,6916,6916
499,6921,6921
590,6921,6921
636,6921,6921
773,6921,6921
865,6921,6921
869,6921,6921
1182,6921,6921
1456,6921,6921
1548,6921,6921
1630,6921,6921
1813,6921,6921
2133,6921,6921
2184,6921,6921
2280,6921,6921
416,6921,6921
550,6921,6921
641,6921,6921
733,6921,6921
870,6921,6921
1004,6921,6921
1182,6921,6921
1365,6921,6921
1548,6921,6921
1548,6921,6921
1859,6921,6921
2088,6921,6921
2134,6921,6921
2134,6921,6921
2180,6921,6921
2180,6921,6921
2373,6921,6921
604,6926,6926
834,6926,6926
878,6926,6926
1153,6926,6926
1337,6926,6926
1475,6926,6926
1521,6926,6926
1610,6926,6926
1793,6926,6926
2023,6926,6926
2023,6926,6926
2023,6926,6926
2165,6926,6926
2167,6926,6926
388,6929,6929
611,6929,6929
794,6929,6929
840,6929,6929
967,6929,6929
1059,6929,6929
1150,6929,6929
1333,6929,6929
1516,6929,6929
1598,6929,6929
1735,6929,6929
1876,6929,6929
2146,6929,6929
2146,6929,6929
2333,6929,6929
536,6934,6934
584,6934,6934
673,6934,6934
811,6934,6934
852,6934,6934
1122,6934,6934
1398,6934,6934
1448,6934,6934
1683,6934,6934
1821,6934,6934
2005,6934,6934
2142,6934,6934
2142,6934,6934
2362,6934,6934
462,6958,6958
646,6958,6958
784,6958,6958
828,6958,6958
1148,6958,6958
1286,6958,6958
1378,6958,6958
1424,6958,6958
1565,6958,6958
1748,6958,6958
1886,6958,6958
2115,6958,6958
2115,6958,6958
2254,6958,6958
2491,6958,6958
574,6928,6928
712,6928,6928
712,6928,6928
892,6928,6928
1076,6928,6928
1259,6928,6928
1397,6928,6928
1397,6928,6928
1578,6928,6928
1807,6928,6928
1995,6928,6928
2037,6928,6928
2269,6928,6928
466,6921,6921
646,6921,6921
648,6921,6921
697,6921,6921
881,6921,6921
1019,6921,6921
1295,6921,6921
1341,6921,6921
1476,6921,6921
1706,6921,6921
1936,6921,6921
1982,6921,6921
2209,6921,6921
2485,6921,6921
644,6911,6911
644,6911,6911
818,6911,6911
1047,6911,6911
1322,6911,6911
1322,6911,6911
1771,6911,6911
1959,6911,6911
2284,6911,6911
562,6892,6892
640,6892,6892
1079,6892,6892
1276,6892,6892
1562,6892,6892
1957,6892,6892
2046,6892,6892
510,6850,6850
666,6850,6850
791,6850,6850
1106,6850,6850
1307,6850,6850
1351,6850,6850
1391,6850,6850
1473,6850,6850
1787,6850,6850
1987,6850,6850
2031,6850,6850
2309,6850,6850
505,6892,6892
671,6892,6892
760,6892,6892
878,6892,6892
1074,6892,6892
1309,6892,6892
1309,6892,6892
1437,6892,6892
1711,6892,6892
1907,6892,6892
1986,6892,6892
2074,6892,6892
2270,6892,6892
451,6896,6896
614,6896,6896
693,6896,6896
899,6896,6896
1055,6896,6896
1251,6896,6896
1368,6896,6896
1535,6896,6896
2005,6896,6896
2005,6896,6896
474,6879,6879
710,6879,6879
956,6879,6879
1388,6879,6879
1516,6879,6879
2027,6879,6879
2067,6879,6879
422,6887,6887
743,6887,6887
792,6887,6887
1144,6887,6887
1417,6887,6887
1420,6887,6887
1701,6887,6887
2092,6887,6887
2180,6887,6887
691,6897,6897
770,6897,6897
1263,6897,6897
1465,6897,6897
1792,6897,6897
2114,6897,6897
2320,6897,6897
807,6903,6903
807,6903,6903
1332,6903,6903
1452,6903,6903
1824,6903,6903
2108,6903,6903
2314,6903,6903
805,6911,6911
847,6911,6911
1299,6911,6911
1482,6911,6911
1792,6911,6911
2067,6911,6911
2118,6911,6911
2396,6911,6911
624,6916,6916
807,6916,6916
892,6916,6916
1163,6916,6916
1163,6916,6916
1209,6916,6916
1300,6916,6916
1392,6916,6916
1443,6916,6916
1483,6916,6916
1611,6916,6916
1797,6916,6916
2022,6916,6916
2114,6916,6916
2215,6916,6916
488,6917,6917
721,6917,6917
809,6917,6917
937,6917,6917
1120,6917,6917
1304,6917,6917
1445,6917,6917
1587,6917,6917
1770,6917,6917
1953,6917,6917
2136,6917,6917
2136,6917,6917
2310,6917,6917
494,6924,6924
632,6924,6924
724,6924,6924
770,6924,6924
904,6924,6924
1179,6924,6924
1409,6924,6924
1455,6924,6924
1537,6924,6924
1675,6924,6924
1721,6924,6924
1905,6924,6924
2134,6924,6924
2134,6924,6924
2134,6924,6924
2176,6924,6924
2176,6924,6924
2309,6924,6924
417,6924,6924
457,6924,6924
457,6924,6924
498,6924,6924
590,6924,6924
594,6924,6924
727,6924,6924
772,6924,6924
858,6924,6924
1037,6924,6924
1087,6924,6924
1311,6924,6924
1402,6924,6924
1448,6924,6924
1712,6924,6924
1986,6924,6924
2082,6924,6924
2092,6924,6924
2133,6924,6924
2270,6924,6924
2449,6924,6924
471,6931,6931
649,6931,6931
740,6931,6931
920,6931,6931
1011,6931,6931
1148,6931,6931
1376,6931,6931
1422,6931,6931
1556,6931,6931
1692,6931,6931
1920,6931,6931
2057,6931,6931
2057,6931,6931
2292,6931,6931
2463,6931,6931
577,6947,6947
716,6947,6947
800,6947,6947
1028,6947,6947
1213,6947,6947
1397,6947,6947
1438,6947,6947
1756,6947,6947
1986,6947,6947
2032,6947,6947
2312,6947,6947
544,6924,6924
681,6924,6924
1038,6924,6924
1359,6924,6924
1532,6924,6924
1990,6924,6924
2039,6924,6924
476,6918,6918
652,6918,6918
963,6918,6918
1284,6918,6918
1284,6918,6918
1797,6918,6918
1981,6918,6918
2022,6918,6918
2429,6918,6918
613,6909,6909
888,6909,6909
1298,6909,6909
1380,6909,6909
1793,6909,6909
1936,6909,6909
2216,6909,6909
488,6897,6897
614,6897,6897
900,6897,6897
1293,6897,6897
1337,6897,6897
1579,6897,6897
1697,6897,6897
1933,6897,6897
1933,6897,6897
2060,6897,6897
2257,6897,6897
2336,6897,6897
2414,6897,6897
556,6860,6860
635,6860,6860
803,6860,6860
1079,6860,6860
1159,6860,6860
1317,6860,6860
1366,6860,6860
1484,6860,6860
1603,6860,6860
1643,6860,6860
1919,6860,6860
1959,6860,6860
2206,6860,6860
2443,6860,6860
595,6903,6903
674,6903,6903
841,6903,6903
1038,6903,6903
1156,6903,6903
1274,6903,6903
1313,6903,6903
1313,6903,6903
1441,6903,6903
1480,6903,6903
1598,6903,6903
1755,6903,6903
1873,6903,6903
1991,6903,6903
1991,6903,6903
2119,6903,6903
2316,6903,6903
582,6827,6827
700,6827,6827
788,6827,6827
906,6827,6827
984,6827,6827
1140,6827,6827
1258,6827,6827
1336,6827,6827
1503,6827,6827
1777,6827,6827
2012,6827,6827
2056,6827,6827
2257,6827,6827
2412,6827,6827
572,6905,6905
690,6905,6905
857,6905,6905
1133,6905,6905
1251,6905,6905
1369,6905,6905
1497,6905,6905
1773,6905,6905
2049,6905,6905
2049,6905,6905
2216,6905,6905
2256,6905,6905
2295,6905,6905
522,6897,6897
720,6897,6897
720,6897,6897
928,6897,6897
1086,6897,6897
1244,6897,6897
1403,6897,6897
1452,6897,6897
1729,6897,6897
1887,6897,6897
1966,6897,6897
2085,6897,6897
2085,6897,6897
2173,6897,6897
2332,6897,6897
582,6906,6906
739,6906,6906
868,6906,6906
1145,6906,6906
1343,6906,6906
1422,6906,6906
1550,6906,6906
1748,6906,6906
2025,6906,6906
2104,6906,6906
2232,6906,6906
656,6904,6904
776,6904,6904
1145,6904,6904
1426,6904,6904
1510,6904,6904
1874,6904,6904
2115,6904,6904
2321,6904,6904
657,6921,6921
778,6921,6921
1023,6921,6921
1430,6921,6921
1471,6921,6921
1840,6921,6921
2083,6921,6921
2123,6921,6921
2407,6921,6921
782,6919,6919
782,6919,6919
1275,6919,6919
1440,6919,6919
1778,6919,6919
2107,6919,6919
2275,6919,6919
676,6925,6925
767,6925,6925
1142,6925,6925
1462,6925,6925
1544,6925,6925
1954,6925,6925
2091,6925,6925
2329,6925,6925
544,6923,6923
772,6923,6923
813,6923,6923
813,6923,6923
945,6923,6923
1127,6923,6923
1309,6923,6923
1446,6923,6923
1488,6923,6923
1664,6923,6923
1801,6923,6923
1896,6923,6923
2074,6923,6923
2176,6923,6923
2221,6923,6923
2221,6923,6923
2318,6923,6923
466,6927,6927
554,6927,6927
558,6927,6927
600,6927,6927
646,6927,6927
738,6927,6927
965,6927,6927
1149,6927,6927
1425,6927,6927
1425,6927,6927
1701,6927,6927
1928,6927,6927
2071,6927,6927
2077,6927,6927
2260,6927,6927
430,6927,6927
606,6927,6927
744,6927,6927
826,6927,6927
917,6927,6927
1146,6927,6927
1421,6927,6927
1421,6927,6927
1641,6927,6927
1690,6927,6927
1916,6927,6927
2053,6927,6927
2059,6927,6927
2292,6927,6927
440,6938,6938
524,6938,6938
661,6938,6938
707,6938,6938
756,6938,6938
802,6938,6938
939,6938,6938
939,6938,6938
939,6938,6938
985,6938,6938
1260,6938,6938
1397,6938,6938
1397,6938,6938
1525,6938,6938
1662,6938,6938
1891,6938,6938
2029,6938,6938
2033,6938,6938
2224,6938,6938
454,6936,6936
675,6936,6936
771,6936,6936
910,6936,6936
1091,6936,6936
1275,6936,6936
1366,6936,6936
1407,6936,6936
1586,6936,6936
1677,6936,6936
1909,6936,6936
2002,6936,6936
2054,6936,6936
2191,6936,6936
2329,6936,6936
2329,6936,6936
2375,6936,6936
465,6934,6934
507,6934,6934
507,6934,6934
644,6934,6934
739,6934,6934
1059,6934,6934
1334,6934,6934
1334,6934,6934
1466,6934,6934
1644,6934,6934
1736,6934,6934
1877,6934,6934
1965,6934,6934
1969,6934,6934
2020,6934,6934
2295,6934,6934
2390,6934,6934
2432,6934,6934
2432,6934,6934
2432,6934,6934
2478,6934,6934
2478,6934,6934
613,6928,6928
623,6928,6928
801,6928,6928
984,6928,6928
1259,6928,6928
1305,6928,6928
1527,6928,6928
1799,6928,6928
1799,6928,6928
1940,6928,6928
2038,6928,6928
2084,6928,6928
2358,6928,6928
491,6906,6906
615,6906,6906
615,6906,6906
743,6906,6906
783,6906,6906
987,6906,6906
1231,6906,6906
1271,6906,6906
1397,6906,6906
1477,6906,6906
1681,6906,6906
1845,6906,6906
1925,6906,6906
2098,6906,6906
2302,6906,6906
487,6891,6891
611,6891,6891
656,6891,6891
901,6891,6891
942,6891,6891
1063,6891,6891
1146,6891,6891
1146,6891,6891
1146,6891,6891
1266,6891,6891
1315,6891,6891
1559,6891,6891
1845,6891,6891
1925,6891,6891
1976,6891,6891
2017,6891,6891
2098,6891,6891
2221,6891,6891
2262,6891,6891
2262,6891,6891
2262,6891,6891
486,6899,6899
612,6899,6899
819,6899,6899
1056,6899,6899
1213,6899,6899
1292,6899,6899
1460,6899,6899
1578,6899,6899
1775,6899,6899
1775,6899,6899
1814,6899,6899
1814,6899,6899
1932,6899,6899
1932,6899,6899
2100,6899,6899
2336,6899,6899
2415,6899,6899
512,6904,6904
640,6904,6904
807,6904,6904
1082,6904,6904
1278,6904,6904
1317,6904,6904
1445,6904,6904
1563,6904,6904
1798,6904,6904
1955,6904,6904
2044,6904,6904
2201,6904,6904
2318,6904,6904
2432,6904,6904
551,6894,6894
630,6894,6894
669,6894,6894
955,6894,6894
1112,6894,6894
1308,6894,6894
1348,6894,6894
1392,6894,6894
1392,6894,6894
1436,6894,6894
1436,6894,6894
1436,6894,6894
1515,6894,6894
1554,6894,6894
1633,6894,6894
1947,6894,6894
1987,6894,6894
2232,6894,6894
2423,6894,6894
574,6899,6899
691,6899,6899
813,6899,6899
971,6899,6899
1090,6899,6899
1090,6899,6899
1129,6899,6899
1129,6899,6899
1366,6899,6899
1366,6899,6899
1415,6899,6899
1415,6899,6899
1494,6899,6899
1494,6899,6899
1573,6899,6899
1849,6899,6899
2007,6899,6899
2096,6899,6899
2373,6899,6899
521,6904,6904
721,6904,6904
721,6904,6904
763,6904,6904
886,6904,6904
1086,6904,6904
1286,6904,6904
1286,6904,6904
1369,6904,6904
1369,6904,6904
1615,6904,6904
1817,6904,6904
1936,6904,6904
2058,6904,6904
2103,6904,6904
2264,6904,6904
2264,6904,6904
2386,6904,6904
518,6907,6907
719,6907,6907
759,6907,6907
961,6907,6907
1001,6907,6907
1123,6907,6907
1203,6907,6907
1285,6907,6907
1405,6907,6907
1405,6907,6907
1611,6907,6907
1853,6907,6907
2016,6907,6907
2056,6907,6907
2142,6907,6907
2413,6907,6907
638,6914,6914
720,6914,6914
854,6914,6914
1018,6914,6914
1141,6914,6914
1387,6914,6914
1387,6914,6914
1438,6914,6914
1479,6914,6914
1685,6914,6914
1972,6914,6914
2054,6914,6914
2188,6914,6914
428,6916,6916
712,6916,6916
753,6916,6916
958,6916,6916
1203,6916,6916
1366,6916,6916
1407,6916,6916
1573,6916,6916
1695,6916,6916
1899,6916,6916
2061,6916,6916
2061,6916,6916
2065,6916,6916
2109,6916,6916
2150,6916,6916
2354,6916,6916
549,6921,6921
752,6921,6921
752,6921,6921
885,6921,6921
926,6921,6921
1006,6921,6921
1210,6921,6921
1374,6921,6921
1414,6921,6921
1576,6921,6921
1821,6921,6921
1943,6921,6921
2067,6921,6921
2233,6921,6921
467,6922,6922
629,6922,6922
752,6922,6922
842,6922,6922
1046,6922,6922
1250,6922,6922
1373,6922,6922
1373,6922,6922
1413,6922,6922
1494,6922,6922
1738,6922,6922
1901,6922,6922
2024,6922,6922
2065,6922,6922
2273,6922,6922
468,6924,6924
737,6924,6924
737,6924,6924
871,6924,6924
1099,6924,6924
1236,6924,6924
1418,6924,6924
1418,6924,6924
1592,6924,6924
1730,6924,6924
2048,6924,6924
2048,6924,6924
2053,6924,6924
2149,6924,6924
2241,6924,6924
2378,6924,6924
476,6926,6926
609,6926,6926
746,6926,6926
874,6926,6926
1012,6926,6926
1287,6926,6926
1378,6926,6926
1468,6926,6926
1696,6926,6926
1879,6926,6926
2062,6926,6926
2104,6926,6926
2282,6926,6926
442,6927,6927
616,6927,6927
708,6927,6927
797,6927,6927
889,6927,6927
1073,6927,6927
1211,6927,6927
1395,6927,6927
1437,6927,6927
1529,6927,6927
1759,6927,6927
1900,6927,6927
2035,6927,6927
2124,6927,6927
2310,6927,6927
450,6929,6929
624,6929,6929
716,6929,6929
764,6929,6929
1036,6929,6929
1173,6929,6929
1264,6929,6929
1351,6929,6929
1400,6929,6929
1446,6929,6929
1582,6929,6929
1719,6929,6929
1719,6929,6929
1901,6929,6929
2038,6929,6929
2172,6929,6929
2445,6929,6929
545,6941,6941
683,6941,6941
813,6941,6941
1040,6941,6941
1178,6941,6941
1320,6941,6941
1371,6941,6941
1601,6941,6941
1739,6941,6941
1968,6941,6941
2014,6941,6941
2102,6941,6941
2326,6941,6941
2500,6941,6941
646,6927,6927
646,6927,6927
733,6927,6927
1003,6927,6927
1141,6927,6927
1232,6927,6927
1324,6927,6927
1411,6927,6927
1500,6927,6927
1635,6927,6927
1681,6927,6927
1865,6927,6927
1911,6927,6927
1956,6927,6927
2006,6927,6927
2240,6927,6927
2377,6927,6927
2511,6927,6927
569,6917,6917
569,6917,6917
569,6917,6917
609,6917,6917
609,6917,6917
609,6917,6917
896,6917,6917
1019,6917,6917
1183,6917,6917
1266,6917,6917
1318,6917,6917
1401,6917,6917
1523,6917,6917
1811,6917,6917
1935,6917,6917
2103,6917,6917
2307,6917,6917
2307,6917,6917
2307,6917,6917
2348,6917,6917
572,6910,6910
618,6910,6910
837,6910,6910
929,6910,6910
1157,6910,6910
1253,6910,6910
1395,6910,6910
1532,6910,6910
1761,6910,6910
1944,6910,6910
2071,6910,6910
2300,6910,6910
2346,6910,6910
493,6902,6902
614,6902,6902
776,6902,6902
896,6902,6902
1057,6902,6902
1179,6902,6902
1259,6902,6902
1345,6902,6902
1505,6902,6902
1667,6902,6902
1828,6902,6902
1909,6902,6902
1993,6902,6902
2234,6902,6902
491,6878,6878
608,6878,6878
733,6878,6878
969,6878,6878
1048,6878,6878
1210,6878,6878
1249,6878,6878
1448,6878,6878
1766,6878,6878
1923,6878,6878
1923,6878,6878
2007,6878,6878
2128,6878,6878
2323,6878,6878
488,6901,6901
607,6901,6901
607,6901,6901
690,6901,6901
927,6901,6901
1242,6901,6901
1281,6901,6901
1488,6901,6901
1607,6901,6901
1804,6901,6901
1962,6901,6901
1962,6901,6901
2011,6901,6901
2168,6901,6901
2247,6901,6901
2247,6901,6901
2366,6901,6901
2366,6901,6901
2366,6901,6901
513,6847,6847
637,6847,6847
637,6847,6847
766,6847,6847
845,6847,6847
1042,6847,6847
1161,6847,6847
1319,6847,6847
1319,6847,6847
1447,6847,6847
1684,6847,6847
1803,6847,6847
1803,6847,6847
1803,6847,6847
1803,6847,6847
1922,6847,6847
1961,6847,6847
2208,6847,6847
498,6908,6908
660,6908,6908
781,6908,6908
1096,6908,6908
1295,6908,6908
1334,6908,6908
1418,6908,6908
1617,6908,6908
1815,6908,6908
1975,6908,6908
2016,6908,6908
2057,6908,6908
2213,6908,6908
2331,6908,6908
495,6835,6835
692,6835,6835
736,6835,6835
858,6835,6835
1015,6835,6835
1175,6835,6835
1333,6835,6835
1377,6835,6835
1538,6835,6835
1695,6835,6835
1857,6835,6835
2013,6835,6835
2057,6835,6835
2219,6835,6835
2297,6835,6835
2415,6835,6835
569,6905,6905
649,6905,6905
691,6905,6905
973,6905,6905
1215,6905,6905
1377,6905,6905
1543,6905,6905
1663,6905,6905
1785,6905,6905
2027,6905,6905
2072,6905,6905
2234,6905,6905
445,6902,6902
681,6902,6902
723,6902,6902
885,6902,6902
1083,6902,6902
1083,6902,6902
1124,6902,6902
1165,6902,6902
1204,6902,6902
1323,6902,6902
1363,6902,6902
1408,6902,6902
1567,6902,6902
1688,6902,6902
1847,6902,6902
2010,6902,6902
2049,6902,6902
2215,6902,6902
480,6915,6915
560,6915,6915
724,6915,6915
724,6915,6915
774,6915,6915
897,6915,6915
977,6915,6915
1060,6915,6915
1264,6915,6915
1385,6915,6915
1506,6915,6915
1670,6915,6915
1710,6915,6915
1834,6915,6915
1955,6915,6915
2038,6915,6915
2080,6915,6915
2366,6915,6915
596,6913,6913
719,6913,6913
845,6913,6913
1006,6913,6913
1169,6913,6913
1372,6913,6913
1412,6913,6913
1577,6913,6913
1739,6913,6913
1942,6913,6913
2062,6913,6913
2104,6913,6913
2307,6913,6913
473,6921,6921
635,6921,6921
677,6921,6921
718,6921,6921
842,6921,6921
1005,6921,6921
1129,6921,6921
1249,6921,6921
1372,6921,6921
1412,6921,6921
1615,6921,6921
1900,6921,6921
1980,6921,6921
2022,6921,6921
2063,6921,6921
2150,6921,6921
2150,6921,6921
2191,6921,6921
2191,6921,6921
2191,6921,6921
2231,6921,6921
2312,6921,6921
556,6919,6919
720,6919,6919
726,6919,6919
854,6919,6919
977,6919,6919
1141,6919,6919
1347,6919,6919
1388,6919,6919
1645,6919,6919
1931,6919,6919
2055,6919,6919
2148,6919,6919
2312,6919,6919
430,6923,6923
593,6923,6923
717,6923,6923
756,6923,6923
930,6923,6923
1133,6923,6923
1376,6923,6923
1416,6923,6923
1661,6923,6923
1904,6923,6923
2068,6923,6923
2068,6923,6923
2196,6923,6923
2316,6923,6923
2399,6923,6923
552,6921,6921
676,6921,6921
756,6921,6921
837,6921,6921
1122,6921,6921
1285,6921,6921
1368,6921,6921
1409,6921,6921
1496,6921,6921
1577,6921,6921
1577,6921,6921
1658,6921,6921
1821,6921,6921
2066,6921,6921
2114,6921,6921
2238,6921,6921
2359,6921,6921
471,6925,6925
559,6925,6925
559,6925,6925
605,6925,6925
742,6925,6925
915,6925,6925
1189,6925,6925
1417,6925,6925
1499,6925,6925
1773,6925,6925
2002,6925,6925
2047,6925,6925
2194,6925,6925
2378,6925,6925
479,6924,6924
611,6924,6924
708,6924,6924
804,6924,6924
896,6924,6924
1033,6924,6924
1171,6924,6924
1400,6924,6924
1442,6924,6924
1665,6924,6924
1849,6924,6924
2032,6924,6924
2037,6924,6924
2271,6924,6924
442,6929,6929
574,6929,6929
710,6929,6929
759,6929,6929
801,6929,6929
803,6929,6929
844,6929,6929
1027,6929,6929
1346,6929,6929
1392,6929,6929
1482,6929,6929
1662,6929,6929
1936,6929,6929
2027,6929,6929
2077,6929,6929
2077,6929,6929
2168,6929,6929
2168,6929,6929
2214,6929,6929
2214,6929,6929
2305,6929,6929
452,6929,6929
671,6929,6929
766,6929,6929
1040,6929,6929
1225,6929,6929
1360,6929,6929
1400,6929,6929
1441,6929,6929
1441,6929,6929
1487,6929,6929
1670,6929,6929
1852,6929,6929
1994,6929,6929
2045,6929,6929
2228,6929,6929
2273,6929,6929
2319,6929,6929
2319,6929,6929
2319,6929,6929
2365,6929,6929
2365,6929,6929
506,6938,6938
645,6938,6938
834,6938,6938
1109,6938,6938
1292,6938,6938
1338,6938,6938
1422,6938,6938
1557,6938,6938
1694,6938,6938
1877,6938,6938
1973,6938,6938
2025,6938,6938
2254,6938,6938
2345,6938,6938
2437,6938,6938
479,6926,6926
652,6926,6926
652,6926,6926
826,6926,6926
1101,6926,6926
1284,6926,6926
1284,6926,6926
1334,6926,6926
1425,6926,6926
1517,6926,6926
1654,6926,6926
1792,6926,6926
1929,6926,6926
1975,6926,6926
2016,6926,6926
2057,6926,6926
2057,6926,6926
2103,6926,6926
2332,6926,6926
2424,6926,6926
491,6915,6915
611,6915,6915
818,6915,6915
1066,6915,6915
1270,6915,6915
1312,6915,6915
1557,6915,6915
1681,6915,6915
1845,6915,6915
1928,6915,6915
2021,6915,6915
2309,6915,6915
2433,6915,6915
491,6906,6906
616,6906,6906
744,6906,6906
1018,6906,6906
1109,6906,6906
1246,6906,6906
1252,6906,6906
1439,6906,6906
1622,6906,6906
1896,6906,6906
1942,6906,6906
2024,6906,6906
2069,6906,6906
2206,6906,6906
2252,6906,6906
2255,6906,6906
2347,6906,6906
495,6903,6903
613,6903,6903
740,6903,6903
1021,6903,6903
1263,6903,6903
1263,6903,6903
1263,6903,6903
1430,6903,6903
1632,6903,6903
1833,6903,6903
1914,6903,6903
1957,6903,6903
1957,6903,6903
2039,6903,6903
2199,6903,6903
2401,6903,6903
606,6874,6874
651,6874,6874
931,6874,6874
1171,6874,6874
1293,6874,6874
1293,6874,6874
1460,6874,6874
1658,6874,6874
1858,6874,6874
1938,6874,6874
2020,6874,6874
2220,6874,6874
2220,6874,6874
2421,6874,6874
563,6904,6904
602,6904,6904
801,6904,6904
1081,6904,6904
1280,6904,6904
1320,6904,6904
1443,6904,6904
1720,6904,6904
1879,6904,6904
1958,6904,6904
2007,6904,6904
2168,6904,6904
2446,6904,6904
644,6854,6854
644,6854,6854
812,6854,6854
890,6854,6854
1087,6854,6854
1284,6854,6854
1290,6854,6854
1412,6854,6854
1412,6854,6854
1452,6854,6854
1452,6854,6854
1688,6854,6854
1846,6854,6854
1964,6854,6854
2171,6854,6854
2407,6854,6854
623,6910,6910
662,6910,6910
746,6910,6910
787,6910,6910
1064,6910,6910
1264,6910,6910
1303,6910,6910
1385,6910,6910
1581,6910,6910
1821,6910,6910
1978,6910,6910
2028,6910,6910
2068,6910,6910
2150,6910,6910
2189,6910,6910
2189,6910,6910
2189,6910,6910
2385,6910,6910
620,6846,6846
661,6846,6846
950,6846,6846
1191,6846,6846
1314,6846,6846
1437,6846,6846
1638,6846,6846
1840,6846,6846
2002,6846,6846
2002,6846,6846
2046,6846,6846
2208,6846,6846
2288,6846,6846
455,6907,6907
658,6907,6907
699,6907,6907
864,6907,6907
1146,6907,6907
1187,6907,6907
1187,6907,6907
1269,6907,6907
1349,6907,6907
1349,6907,6907
1351,6907,6907
1431,6907,6907
1633,6907,6907
1836,6907,6907
1999,6907,6907
2085,6907,6907
2329,6907,6907
2369,6907,6907
452,6903,6903
691,6903,6903
732,6903,6903
974,6903,6903
1136,6903,6903
1338,6903,6903
1379,6903,6903
1583,6903,6903
1824,6903,6903
1944,6903,6903
2026,6903,6903
2026,6903,6903
2110,6903,6903
2272,6903,6903
528,6917,6917
693,6917,6917
742,6917,6917
907,6917,6917
1112,6917,6917
1318,6917,6917
1360,6917,6917
1404,6917,6917
1486,6917,6917
1609,6917,6917
1732,6917,6917
1857,6917,6917
2021,6917,6917
2021,6917,6917
2310,6917,6917
565,6915,6915
727,6915,6915
893,6915,6915
1097,6915,6915
1178,6915,6915
1301,6915,6915
1382,6915,6915
1508,6915,6915
1670,6915,6915
1832,6915,6915
2036,6915,6915
2125,6915,6915
2435,6915,6915
603,6922,6922
726,6922,6922
813,6922,6922
1017,6922,6922
1220,6922,6922
1382,6922,6922
1467,6922,6922
1629,6922,6922
1792,6922,6922
1955,6922,6922
2036,6922,6922
2166,6922,6922
2328,6922,6922
481,6921,6921
603,6921,6921
685,6921,6921
726,6921,6921
854,6921,6921
1138,6921,6921
1342,6921,6921
1382,6921,6921
1508,6921,6921
1751,6921,6921
1915,6921,6921
2036,6921,6921
2036,6921,6921
2084,6921,6921
2247,6921,6921
2411,6921,6921
569,6925,6925
706,6925,6925
794,6925,6925
934,6925,6925
1069,6925,6925
1296,6925,6925
1341,6925,6925
1341,6925,6925
1387,6925,6925
1606,6925,6925
1925,6925,6925
2022,6925,6925
2163,6925,6925
2345,6925,6925
488,6924,6924
666,6924,6924
712,6924,6924
712,6924,6924
794,6924,6924
932,6924,6924
1206,6924,6924
1349,6924,6924
1491,6924,6924
1582,6924,6924
1674,6924,6924
1858,6924,6924
1903,6924,6924
1903,6924,6924
1903,6924,6924
1908,6924,6924
1949,6924,6924
1949,6924,6924
1952,6924,6924
2040,6924,6924
2040,6924,6924
2351,6924,6924
537,6927,6927
676,6927,6927
810,6927,6927
1044,6927,6927
1274,6927,6927
1362,6927,6927
1362,6927,6927
1405,6927,6927
1543,6927,6927
1543,6927,6927
1681,6927,6927
1911,6927,6927
2009,6927,6927
2059,6927,6927
2289,6927,6927
2428,6927,6927
458,6927,6927
586,6927,6927
677,6927,6927
763,6927,6927
1079,6927,6927
1308,6927,6927
1354,6927,6927
1481,6927,6927
1574,6927,6927
1801,6927,6927
1990,6927,6927
2132,6927,6927
2314,6927,6927
466,6935,6935
645,6935,6935
696,6935,6935
878,6935,6935
1017,6935,6935
1198,6935,6935
1334,6935,6935
1425,6935,6935
1425,6935,6935
1609,6935,6935
1879,6935,6935
1970,6935,6935
2065,6935,6935
2293,6935,6935
2493,6935,6935
610,6935,6935
614,6935,6935
757,6935,6935
1031,6935,6935
1168,6935,6935
1264,6935,6935
1305,6935,6935
1346,6935,6935
1478,6935,6935
1616,6935,6935
1892,6935,6935
1940,6935,6935
2037,6935,6935
2037,6935,6935
2082,6935,6935
2082,6935,6935
2082,6935,6935
2311,6935,6935
2357,6935,6935
2448,6935,6935
492,6920,6920
620,6920,6920
796,6920,6920
1024,6920,6920
1116,6920,6920
1116,6920,6920
1165,6920,6920
1209,6920,6920
1254,6920,6920
1254,6920,6920
1572,6920,6920
1807,6920,6920
1939,6920,6920
2067,6920,6920
2343,6920,6920
2484,6920,6920
578,6917,6917
629,6917,6917
720,6917,6917
950,6917,6917
1134,6917,6917
1271,6917,6917
1313,6917,6917
1446,6917,6917
1675,6917,6917
1859,6917,6917
1910,6917,6917
2053,6917,6917
2236,6917,6917
2466,6917,6917
499,6906,6906
578,6906,6906
745,6906,6906
908,6906,6906
1150,6906,6906
1272,6906,6906
1354,6906,6906
1475,6906,6906
1598,6906,6906
1801,6906,6906
1921,6906,6906
2086,6906,6906
2248,6906,6906
2409,6906,6906
494,6886,6886
613,6886,6886
658,6886,6886
658,6886,6886
658,6886,6886
699,6886,6886
941,6886,6886
1223,6886,6886
1262,6886,6886
1508,6886,6886
1709,6886,6886
1911,6886,6886
1911,6886,6886
1955,6886,6886
2196,6886,6886
2358,6886,6886
490,6905,6905
531,6905,6905
573,6905,6905
612,6905,6905
853,6905,6905
1130,6905,6905
1288,6905,6905
1288,6905,6905
1288,6905,6905
1495,6905,6905
1693,6905,6905
1811,6905,6905
1930,6905,6905
2058,6905,6905
2216,6905,6905
2453,6905,6905
599,6860,6860
638,6860,6860
805,6860,6860
923,6860,6860
1044,6860,6860
1163,6860,6860
1283,6860,6860
1283,6860,6860
1567,6860,6860
1847,6860,6860
1968,6860,6860
1968,6860,6860
2052,6860,6860
2094,6860,6860
2135,6860,6860
2332,6860,6860
474,6911,6911
632,6911,6911
716,6911,6911
758,6911,6911
877,6911,6911
956,6911,6911
1038,6911,6911
1196,6911,6911
1276,6911,6911
1276,6911,6911
1318,6911,6911
1318,6911,6911
1318,6911,6911
1318,6911,6911
1397,6911,6911
1677,6911,6911
1957,6911,6911
2003,6911,6911
2242,6911,6911
2283,6911,6911
470,6906,6906
669,6906,6906
669,6906,6906
790,6906,6906
1072,6906,6906
1113,6906,6906
1194,6906,6906
1313,6906,6906
1437,6906,6906
1637,6906,6906
1839,6906,6906
1879,6906,6906
1962,6906,6906
1962,6906,6906
2168,6906,6906
2286,6906,6906
465,6909,6909
622,6909,6909
663,6909,6909
946,6909,6909
1108,6909,6909
1227,6909,6909
1310,6909,6909
1351,6909,6909
1351,6909,6909
1516,6909,6909
1555,6909,6909
1634,6909,6909
1916,6909,6909
1998,6909,6909
2124,6909,6909
2244,6909,6909
2406,6909,6909
462,6906,6906
542,6906,6906
582,6906,6906
582,6906,6906
661,6906,6906
872,6906,6906
1193,6906,6906
1317,6906,6906
1400,6906,6906
1481,6906,6906
1804,6906,6906
1965,6906,6906
2006,6906,6906
2006,6906,6906
2252,6906,6906
459,6919,6919
675,6919,6919
717,6919,6919
894,6919,6919
1167,6919,6919
1304,6919,6919
1350,6919,6919
1350,6919,6919
1350,6919,6919
1477,6919,6919
1705,6919,6919
1796,6919,6919
1979,6919,6919
1984,6919,6919
2262,6919,6919
462,6917,6917
681,6917,6917
681,6917,6917
991,6917,6917
1083,6917,6917
1220,6917,6917
1316,6917,6917
1322,6917,6917
1458,6917,6917
1687,6917,6917
2006,6917,6917
2006,6917,6917
2134,6917,6917
2271,6917,6917
2408,6917,6917
2454,6917,6917
2454,6917,6917
2454,6917,6917
2454,6917,6917
464,6923,6923
682,6923,6923
682,6923,6923
952,6923,6923
1129,6923,6923
1311,6923,6923
1412,6923,6923
1640,6923,6923
1868,6923,6923
2005,6923,6923
2132,6923,6923
2315,6923,6923
470,6921,6921
643,6921,6921
647,6921,6921
829,6921,6921
1052,6921,6921
1189,6921,6921
1326,6921,6921
1454,6921,6921
1637,6921,6921
1866,6921,6921
1963,6921,6921
2105,6921,6921
2288,6921,6921
2425,6921,6921
556,6927,6927
647,6927,6927
775,6927,6927
821,6927,6927
1004,6927,6927
1187,6927,6927
1278,6927,6927
1324,6927,6927
1406,6927,6927
1501,6927,6927
1635,6927,6927
1775,6927,6927
1955,6927,6927
2010,6927,6927
2239,6927,6927
2377,6927,6927
481,6926,6926
561,6926,6926
612,6926,6926
755,6926,6926
846,6926,6926
1122,6926,6926
1305,6926,6926
1305,6926,6926
1571,6926,6926
1663,6926,6926
1667,6926,6926
1938,6926,6926
1944,6926,6926
1994,6926,6926
2086,6926,6926
2316,6926,6926
2453,6926,6926
484,6929,6929
526,6929,6929
526,6929,6929
526,6929,6929
615,6929,6929
615,6929,6929
934,6929,6929
1118,6929,6929
1302,6929,6929
1390,6929,6929
1580,6929,6929
1804,6929,6929
1942,6929,6929
2031,6929,6929
2169,6929,6929
2307,6929,6929
2445,6929,6929
490,6919,6919
618,6919,6919
707,6919,6919
800,6919,6919
936,6919,6919
1258,6919,6919
1258,6919,6919
1530,6919,6919
1576,6919,6919
1622,6919,6919
1622,6919,6919
1852,6919,6919
1944,6919,6919
2127,6919,6919
2308,6919,6919
2400,6919,6919
493,6919,6919
579,6919,6919
680,6919,6919
771,6919,6919
817,6919,6919
862,6919,6919
1045,6919,6919
1273,6919,6919
1355,6919,6919
1628,6919,6919
1811,6919,6919
1902,6919,6919
1957,6919,6919
2094,6919,6919
2140,6919,6919
2185,6919,6919
2282,6919,6919
2368,6919,6919
2368,6919,6919
2413,6919,6919
500,6913,6913
582,6913,6913
801,6913,6913
1121,6913,6913
1258,6913,6913
1389,6913,6913
1528,6913,6913
1751,6913,6913
1888,6913,6913
1891,6913,6913
1893,6913,6913
1989,6913,6913
2081,6913,6913
2218,6913,6913
2355,6913,6913
501,6907,6907
583,6907,6907
786,6907,6907
910,6907,6907
989,6907,6907
1030,6907,6907
1232,6907,6907
1321,6907,6907
1647,6907,6907
1889,6907,6907
1891,6907,6907
1940,6907,6907
1981,6907,6907
2023,6907,6907
2023,6907,6907
2023,6907,6907
2062,6907,6907
2184,6907,6907
2468,6907,6907
578,6889,6889
704,6889,6889
946,6889,6889
1229,6889,6889
1268,6889,6889
1354,6889,6889
1596,6889,6889
1677,6889,6889
1919,6889,6889
1919,6889,6889
2165,6889,6889
2327,6889,6889
2474,6889,6889
614,6911,6911
658,6911,6911
820,6911,6911
820,6911,6911
942,6911,6911
1062,6911,6911
1184,6911,6911
1264,6911,6911
1431,6911,6911
1673,6911,6911
1834,6911,6911
1915,6911,6911
1999,6911,6911
2283,6911,6911
489,6876,6876
607,6876,6876
607,6876,6876
611,6876,6876
651,6876,6876
651,6876,6876
693,6876,6876
774,6876,6876
1095,6876,6876
1257,6876,6876
1341,6876,6876
1623,6876,6876
1745,6876,6876
1865,6876,6876
1906,6876,6876
1948,6876,6876
1948,6876,6876
1948,6876,6876
1948,6876,6876
2233,6876,6876
483,6912,6912
640,6912,6912
760,6912,6912
800,6912,6912
840,6912,6912
840,6912,6912
882,6912,6912
882,6912,6912
882,6912,6912
1082,6912,6912
1283,6912,6912
1363,6912,6912
1644,6912,6912
1885,6912,6912
1965,6912,6912
2047,6912,6912
2169,6912,6912
2410,6912,6912
560,6909,6909
600,6909,6909
640,6909,6909
762,6909,6909
803,6909,6909
845,6909,6909
1167,6909,6909
1289,6909,6909
1417,6909,6909
1578,6909,6909
1781,6909,6909
1942,6909,6909
2027,6909,6909
2188,6909,6909
2310,6909,6909
2432,6909,6909
474,6912,6912
637,6912,6912
637,6912,6912
758,6912,6912
921,6912,6912
1165,6912,6912
1288,6912,6912
1412,6912,6912
1535,6912,6912
1778,6912,6912
1942,6912,6912
1982,6912,6912
2103,6912,6912
2143,6912,6912
2346,6912,6912
470,6910,6910
633,6910,6910
725,6910,6910
928,6910,6910
1090,6910,6910
1334,6910,6910
1334,6910,6910
1620,6910,6910
1741,6910,6910
1904,6910,6910
1984,6910,6910
2150,6910,6910
2353,6910,6910
466,6918,6918
669,6918,6918
669,6918,6918
712,6918,6918
795,6918,6918
998,6918,6918
1241,6918,6918
1322,6918,6918
1487,6918,6918
1610,6918,6918
1854,6918,6918
1975,6918,6918
2105,6918,6918
2389,6918,6918
2457,6918,6918
547,6918,6918
667,6918,6918
667,6918,6918
872,6918,6918
1115,6918,6918
1319,6918,6918
1367,6918,6918
1530,6918,6918
1694,6918,6918
1976,6918,6918
1976,6918,6918
2068,6918,6918
2189,6918,6918
2230,6918,6918
2230,6918,6918
2230,6918,6918
2272,6918,6918
2433,6918,6918
627,6921,6921
668,6921,6921
878,6921,6921
1165,6921,6921
1206,6921,6921
1330,6921,6921
1330,6921,6921
1535,6921,6921
1864,6921,6921
1986,6921,6921
2079,6921,6921
2244,6921,6921
462,6921,6921
683,6921,6921
683,6921,6921
683,6921,6921
765,6921,6921
770,6921,6921
810,6921,6921
810,6921,6921
816,6921,6921
1084,6921,6921
1312,6921,6921
1413,6921,6921
1686,6921,6921
1914,6921,6921
2005,6921,6921
2133,6921,6921
2270,6921,6921
2319,6921,6921
2452,6921,6921
510,6921,6921
551,6921,6921
642,6921,6921
698,6921,6921
744,6921,6921
795,6921,6921
927,6921,6921
1064,6921,6921
1294,6921,6921
1339,6921,6921
1467,6921,6921
1558,6921,6921
1790,6921,6921
1970,6921,6921
1976,6921,6921
2255,6921,6921
470,6922,6922
552,6922,6922
643,6922,6922
647,6922,6922
689,6922,6922
689,6922,6922
777,6922,6922
913,6922,6922
1096,6922,6922
1324,6922,6922
1365,6922,6922
1455,6922,6922
1497,6922,6922
1548,6922,6922
1593,6922,6922
1816,6922,6922
1958,6922,6922
2100,6922,6922
2331,6922,6922
475,6922,6922
646,6922,6922
688,6922,6922
774,6922,6922
774,6922,6922
865,6922,6922
865,6922,6922
865,6922,6922
869,6922,6922
911,6922,6922
1002,6922,6922
1322,6922,6922
1322,6922,6922
1633,6922,6922
1953,6922,6922
1953,6922,6922
2100,6922,6922
2237,6922,6922
2466,6922,6922
608,6924,6924
613,6924,6924
801,6924,6924
853,6924,6924
939,6924,6924
1031,6924,6924
1122,6924,6924
1122,6924,6924
1168,6924,6924
1168,6924,6924
1168,6924,6924
1306,6924,6924
1306,6924,6924
1526,6924,6924
1846,6924,6924
1944,6924,6924
1950,6924,6924
2086,6924,6924
2407,6924,6924
567,6932,6932
613,6932,6932
659,6932,6932
659,6932,6932
702,6932,6932
840,6932,6932
1162,6932,6932
1300,6932,6932
1389,6932,6932
1619,6932,6932
1621,6932,6932
1804,6932,6932
1804,6932,6932
1896,6932,6932
1942,6932,6932
1942,6932,6932
2122,6932,6932
2445,6932,6932
616,6918,6918
659,6918,6918
797,6918,6918
843,6918,6918
1030,6918,6918
1256,6918,6918
1262,6918,6918
1268,6918,6918
1404,6918,6918
1588,6918,6918
1680,6918,6918
1726,6918,6918
1864,6918,6918
1956,6918,6918
2136,6918,6918
2412,6918,6918
577,6924,6924
582,6924,6924
770,6924,6924
954,6924,6924
1090,6924,6924
1273,6924,6924
1273,6924,6924
1538,6924,6924
1630,6924,6924
1721,6924,6924
1858,6924,6924
1910,6924,6924
2051,6924,6924
2148,6924,6924
2372,6924,6924
580,6918,6918
580,6918,6918
850,6918,6918
987,6918,6918
1081,6918,6918
1124,6918,6918
1260,6918,6918
1260,6918,6918
1302,6918,6918
1524,6918,6918
1798,6918,6918
1895,6918,6918
2081,6918,6918
2309,6918,6918
2492,6918,6918
580,6914,6914
712,6914,6914
874,6914,6914
1037,6914,6914
1037,6914,6914
1200,6914,6914
1240,6914,6914
1322,6914,6914
1402,6914,6914
1525,6914,6914
1810,6914,6914
1893,6914,6914
1977,6914,6914
2181,6914,6914
2385,6914,6914
538,6900,6900
579,6900,6900
828,6900,6900
828,6900,6900
991,6900,6900
1073,6900,6900
1194,6900,6900
1235,6900,6900
1324,6900,6900
1324,6900,6900
1366,6900,6900
1366,6900,6900
1487,6900,6900
1773,6900,6900
1894,6900,6900
2068,6900,6900
2352,6900,6900
2485,6900,6900
494,6916,6916
574,6916,6916
700,6916,6916
741,6916,6916
741,6916,6916
741,6916,6916
781,6916,6916
1023,6916,6916
1186,6916,6916
1267,6916,6916
1471,6916,6916
1754,6916,6916
1916,6916,6916
1916,6916,6916
2038,6916,6916
2200,6916,6916
2403,6916,6916
2403,6916,6916
2477,6916,6916
573,6890,6890
573,6890,6890
859,6890,6890
1145,6890,6890
1266,6890,6890
1387,6890,6890
1714,6890,6890
1917,6890,6890
1917,6890,6890
2124,6890,6890
2368,6890,6890
527,6918,6918
608,6918,6918
653,6918,6918
855,6918,6918
1180,6918,6918
1261,6918,6918
1261,6918,6918
1261,6918,6918
1303,6918,6918
1426,6918,6918
1546,6918,6918
1708,6918,6918
1871,6918,6918
1911,6918,6918
2123,6918,6918
2326,6918,6918
2474,6918,6918
526,6888,6888
606,6888,6888
687,6888,6888
931,6888,6888
1134,6888,6888
1216,6888,6888
1258,6888,6888
1342,6888,6888
1629,6888,6888
1953,6888,6888
1953,6888,6888
2037,6888,6888
2282,6888,6888
2473,6888,6888
603,6917,6917
603,6917,6917
889,6917,6917
1051,6917,6917
1174,6917,6917
1297,6917,6917
1297,6917,6917
1501,6917,6917
1745,6917,6917
1868,6917,6917
1949,6917,6917
2033,6917,6917
2075,6917,6917
2358,6917,6917
560,6915,6915
600,6915,6915
723,6915,6915
885,6915,6915
1127,6915,6915
1290,6915,6915
1290,6915,6915
1334,6915,6915
1415,6915,6915
1457,6915,6915
1457,6915,6915
1457,6915,6915
1496,6915,6915
1496,6915,6915
1536,6915,6915
1536,6915,6915
1738,6915,6915
1940,6915,6915
2025,6915,6915
2186,6915,6915
2267,6915,6915
2308,6915,6915
478,6922,6922
520,6922,6922
520,6922,6922
520,6922,6922
562,6922,6922
608,6922,6922
654,6922,6922
924,6922,6922
1018,6922,6922
1106,6922,6922
1288,6922,6922
1288,6922,6922
1288,6922,6922
1288,6922,6922
1461,6922,6922
1735,6922,6922
1917,6922,6922
1922,6922,6922
2200,6922,6922
2428,6922,6922
604,6921,6921
604,6921,6921
889,6921,6921
1011,6921,6921
1092,6921,6921
1256,6921,6921
1297,6921,6921
1463,6921,6921
1746,6921,6921
1870,6921,6921
1870,6921,6921
1950,6921,6921
2153,6921,6921
2195,6921,6921
2478,6921,6921
524,6925,6925
611,6925,6925
784,6925,6925
1059,6925,6925
1287,6925,6925
1287,6925,6925
1461,6925,6925
1598,6925,6925
1735,6925,6925
1918,6925,6925
1918,6925,6925
2065,6925,6925
2111,6925,6925
2249,6925,6925
2431,6925,6925
488,6924,6924
578,6924,6924
811,6924,6924
949,6924,6924
1177,6924,6924
1269,6924,6924
1311,6924,6924
1397,6924,6924
1580,6924,6924
1717,6924,6924
1808,6924,6924
1905,6924,6924
2093,6924,6924
2367,6924,6924
535,6927,6927
575,6927,6927
664,6927,6927
807,6927,6927
1031,6927,6927
1215,6927,6927
1261,6927,6927
1389,6927,6927
1481,6927,6927
1665,6927,6927
1900,6927,6927
1950,6927,6927
2134,6927,6927
2317,6927,6927
498,6922,6922
580,6922,6922
580,6922,6922
712,6922,6922
935,6922,6922
1072,6922,6922
1209,6922,6922
1254,6922,6922
1382,6922,6922
1474,6922,6922
1610,6922,6922
1837,6922,6922
1883,6922,6922
2075,6922,6922
2212,6922,6922
2349,6922,6922
2349,6922,6922
2486,6922,6922
545,6917,6917
545,6917,6917
556,6917,6917
598,6917,6917
762,6917,6917
1050,6917,6917
1215,6917,6917
1215,6917,6917
1383,6917,6917
1505,6917,6917
1587,6917,6917
1792,6917,6917
1792,6917,6917
1834,6917,6917
1834,6917,6917
1834,6917,6917
1875,6917,6917
1875,6917,6917
1875,6917,6917
1959,6917,6917
2247,6917,6917
504,6914,6914
585,6914,6914
754,6914,6914
794,6914,6914
1000,6914,6914
1246,6914,6914
1246,6914,6914
1411,6914,6914
1452,6914,6914
1739,6914,6914
1904,6914,6914
1904,6914,6914
1986,6914,6914
2068,6914,6914
2151,6914,6914
2273,6914,6914
2499,6914,6914
582,6915,6915
708,6915,6915
909,6915,6915
1031,6915,6915
1110,6915,6915
1234,6915,6915
1278,6915,6915
1360,6915,6915
1560,6915,6915
1762,6915,6915
1885,6915,6915
1885,6915,6915
2011,6915,6915
2171,6915,6915
2413,6915,6915
580,6900,6900
624,6900,6900
747,6900,6900
826,6900,6900
826,6900,6900
866,6900,6900
948,6900,6900
948,6900,6900
1068,6900,6900
1148,6900,6900
1148,6900,6900
1190,6900,6900
1190,6900,6900
1231,6900,6900
1231,6900,6900
1438,6900,6900
1679,6900,6900
1759,6900,6900
1882,6900,6900
1923,6900,6900
1923,6900,6900
1923,6900,6900
1965,6900,6900
1965,6900,6900
2127,6900,6900
2448,6900,6900
578,6917,6917
582,6917,6917
785,6917,6917
1029,6917,6917
1071,6917,6917
1232,6917,6917
1280,6917,6917
1524,6917,6917
1811,6917,6917
1890,6917,6917
2103,6917,6917
2267,6917,6917
2430,6917,6917
2430,6917,6917
575,6895,6895
575,6895,6895
616,6895,6895
861,6895,6895
1185,6895,6895
1267,6895,6895
1431,6895,6895
1634,6895,6895
1837,6895,6895
1917,6895,6895
2043,6895,6895
2163,6895,6895
2366,6895,6895
2366,6895,6895
2408,6895,6895
572,6917,6917
613,6917,6917
778,6917,6917
818,6917,6917
857,6917,6917
857,6917,6917
937,6917,6917
1262,6917,6917
1262,6917,6917
1548,6917,6917
1830,6917,6917
1913,6917,6917
1997,6917,6917
2159,6917,6917
2239,6917,6917
2321,6917,6917
2321,6917,6917
2321,6917,6917
491,6915,6915
609,6915,6915
736,6915,6915
937,6915,6915
1220,6915,6915
1260,6915,6915
1427,6915,6915
1547,6915,6915
1789,6915,6915
1911,6915,6915
1995,6915,6915
2279,6915,6915
2320,6915,6915
2399,6915,6915
487,6919,6919
611,6919,6919
611,6919,6919
698,6919,6919
1023,6919,6919
1268,6919,6919
1311,6919,6919
1557,6919,6919
1760,6919,6919
1923,6919,6919
1971,6919,6919
2012,6919,6919
2135,6919,6919
2299,6919,6919
486,6917,6917
606,6917,6917
693,6917,6917
896,6917,6917
1099,6917,6917
1260,6917,6917
1260,6917,6917
1432,6917,6917
1635,6917,6917
1755,6917,6917
1917,6917,6917
1917,6917,6917
2213,6917,6917
2477,6917,6917
614,6922,6922
614,6922,6922
833,6922,6922
1061,6922,6922
1152,6922,6922
1248,6922,6922
1304,6922,6922
1435,6922,6922
1618,6922,6922
1800,6922,6922
1891,6922,6922
1937,6922,6922
2065,6922,6922
2247,6922,6922
2429,6922,6922
530,6922,6922
578,6922,6922
628,6922,6922
856,6922,6922
1085,6922,6922
1267,6922,6922
1267,6922,6922
1578,6922,6922
1806,6922,6922
1903,6922,6922
2000,6922,6922
2413,6922,6922
532,6924,6924
573,6924,6924
765,6924,6924
811,6924,6924
1089,6924,6924
1267,6924,6924
1267,6924,6924
1485,6924,6924
1668,6924,6924
1896,6924,6924
1997,6924,6924
2225,6924,6924
2365,6924,6924
498,6923,6923
580,6923,6923
753,6923,6923
1072,6923,6923
1255,6923,6923
1474,6923,6923
1884,6923,6923
1940,6923,6923
2396,6923,6923
583,6922,6922
665,6922,6922
1031,6922,6922
1214,6922,6922
1406,6922,6922
1726,6922,6922
1909,6922,6922
2129,6922,6922
506,6920,6920
546,6920,6920
1056,6920,6920
1239,6920,6920
1321,6920,6920
1688,6920,6920
1870,6920,6920
1972,6920,6920
2156,6920,6920
2429,6920,6920
2478,6920,6920
548,6914,6914
676,6914,6914
919,6914,6914
1082,6914,6914
1202,6914,6914
1250,6914,6914
1374,6914,6914
1617,6914,6914
1820,6914,6914
1860,6914,6914
1900,6914,6914
1900,6914,6914
1902,6914,6914
2146,6914,6914
2268,6914,6914
2391,6914,6914
545,6907,6907
555,6907,6907
680,6907,6907
801,6907,6907
924,6907,6907
964,6907,6907
964,6907,6907
1207,6907,6907
1207,6907,6907
1461,6907,6907
1748,6907,6907
1909,6907,6907
1992,6907,6907
2195,6907,6907
2357,6907,6907
2440,6907,6907
582,6916,6916
582,6916,6916
749,6916,6916
871,6916,6916
952,6916,6916
1156,6916,6916
1236,6916,6916
1320,6916,6916
1645,6916,6916
1848,6916,6916
1888,6916,6916
1937,6916,6916
2140,6916,6916
2467,6916,6916
538,6896,6896
578,6896,6896
622,6896,6896
705,6896,6896
785,6896,6896
908,6896,6896
1111,6896,6896
1231,6896,6896
1361,6896,6896
1402,6896,6896
1522,6896,6896
1685,6896,6896
1767,6896,6896
1888,6896,6896
1888,6896,6896
2021,6896,6896
2344,6896,6896
536,6916,6916
577,6916,6916
664,6916,6916
785,6916,6916
826,6916,6916
826,6916,6916
909,6916,6916
1071,6916,6916
1233,6916,6916
1363,6916,6916
1525,6916,6916
1688,6916,6916
1933,6916,6916
1933,6916,6916
2221,6916,6916
2466,6916,6916
491,6914,6914
610,6914,6914
691,6914,6914
815,6914,6914
1057,6914,6914
1179,6914,6914
1260,6914,6914
1346,6914,6914
1467,6914,6914
1590,6914,6914
1752,6914,6914
1873,6914,6914
1913,6914,6914
2085,6914,6914
2327,6914,6914
2449,6914,6914
608,6916,6916
612,6916,6916
897,6916,6916
1100,6916,6916
1181,6916,6916
1261,6916,6916
1303,6916,6916
1303,6916,6916
1344,6916,6916
1385,6916,6916
1547,6916,6916
1750,6916,6916
1912,6916,6916
1963,6916,6916
2085,6916,6916
2248,6916,6916
2368,6916,6916
486,6916,6916
606,6916,6916
606,6916,6916
609,6916,6916
651,6916,6916
896,6916,6916
1141,6916,6916
1261,6916,6916
1261,6916,6916
1432,6916,6916
1594,6916,6916
1756,6916,6916
1919,6916,6916
1929,6916,6916
2011,6916,6916
2052,6916,6916
2052,6916,6916
2052,6916,6916
2335,6916,6916
522,6919,6919
605,6919,6919
692,6919,6919
774,6919,6919
