# Command line arguments:  -XX:+UseConcMarkSweepGC -Xmx7g  Program arguments:  --gc_once --object_activity 

used memory, total memory, maximum memory
6,247,7101
139,247,7101
227,340,7101
295,477,7101
436,651,7101
561,651,7101
697,994,7101
802,994,7101
935,1511,7101
1091,1511,7101
1196,1511,7101
1341,1511,7101
1487,2337,7101
1578,2337,7101
1718,2337,7101
1781,2337,7101
1819,2337,7101
1860,2337,7101
1902,2337,7101
1975,2337,7101
2046,2337,7101
2150,3611,7101
2266,3611,7101
2290,3611,7101
2336,3611,7101
2398,3611,7101
2488,3611,7101
2522,3611,7101
2631,3611,7101
2646,3611,7101
2708,3611,7101
2759,3611,7101
2799,3611,7101
2917,3611,7101
2983,3611,7101
3038,3611,7101
3130,3611,7101
3207,3611,7101
3303,3611,7101
3418,5574,7101
3500,5574,7101
3618,5574,7101
3721,5574,7101
3809,5574,7101
3847,5574,7101
3950,5574,7101
4065,5574,7101
0,6096,7101
287,6096,7101
326,6096,7101
386,6096,7101
490,6096,7101
107,6096,7101
383,6096,7101
524,6096,7101
118,6096,7101
405,6096,7101
188,6096,7101
241,6096,7101
473,6096,7101
271,6096,7101
457,6096,7101
586,6096,7101
641,6096,7101
739,6096,7101
347,6096,7101
488,6096,7101
630,6096,7101
769,6096,7101
667,6096,7101
765,6096,7101
610,6096,7101
436,6096,7101
494,6096,7101
702,6096,7101
517,6096,7101
703,6096,7101
1028,6096,7101
876,6096,7101
897,6096,7101
1006,6096,7101
684,6096,7101
907,6096,7101
1014,6096,7101
553,6096,7101
630,6096,7101
662,6096,7101
891,6096,7101
681,6096,7101
740,6096,7101
1160,6096,7101
781,6096,7101
949,6096,7101
1046,6096,7101
873,6096,7101
1043,6096,7101
1124,6096,7101
1238,6096,7101
889,6096,7101
1262,6096,7101
1329,6096,7101
1186,6096,7101
966,6096,7101
981,6096,7101
1004,6096,7101
1195,6096,7101
1295,6096,7101
1042,6096,7101
1371,6096,7101
1472,6096,7101
1322,6096,7101
1504,6096,7101
1230,6096,7101
1164,6096,7101
1224,6096,7101
1637,6096,7101
1385,6096,7101
1440,6096,7101
1324,6096,7101
1612,6096,7101
1771,6096,7101
1729,6096,7101
1742,6096,7101
1679,6096,7101
1447,6096,7101
1462,6096,7101
1666,6096,7101
1481,6096,7101
1678,6096,7101
1963,6096,7101
1826,6096,7101
1852,6096,7101
1754,6096,7101
1979,6096,7101
1642,6096,7101
1639,6096,7101
1705,6096,7101
2134,6096,7101
1718,6096,7101
1917,6096,7101
2097,6096,7101
1973,6096,7101
2092,6096,7101
1914,6096,7101
2218,6096,7101
1824,6096,7101
1876,6096,7101
1947,6096,7101
2205,6096,7101
1954,6096,7101
2156,6096,7101
1991,6096,7101
2322,6096,7101
1988,6096,7101
2454,6096,7101
1958,6096,7101
2109,6096,7101
2177,6096,7101
2618,6096,7101
2197,6096,7101
2388,6096,7101
2488,6096,7101
2359,6096,7101
2557,6096,7101
2310,6096,7101
2690,6096,7101
2264,6096,7101
2338,6096,7101
2408,6096,7101
2690,6096,7101
2415,6096,7101
2617,6096,7101
2887,6096,7101
2641,6096,7101
2787,6096,7101
2553,6096,7101
2921,6096,7101
2406,6096,7101
2765,6096,7101
2568,6096,7101
2641,6096,7101
3082,6096,7101
2848,6096,7101
3000,6096,7101
2956,6096,7101
3021,6096,7101
2920,6096,7101
3142,6096,7101
2835,6096,7101
2796,6096,7101
2866,6096,7101
3097,6096,7101
2874,6096,7101
3078,6096,7101
3374,6096,7101
3159,6096,7101
3251,6096,7101
3001,6096,7101
3327,6096,7101
3380,6096,7101
3157,6096,7101
3026,6096,7101
3099,6096,7101
3498,6096,7101
3225,6096,7101
3306,6096,7101
3629,6096,7101
3322,6096,7101
3479,6096,7101
3219,6096,7101
3600,6096,7101
3103,6096,7101
3529,6096,7101
3324,6096,7101
3424,6096,7101
3332,6096,7101
3536,6096,7101
3820,6096,7101
3683,6096,7101
3709,6096,7101
3667,6096,7101
3838,6096,7101
3589,6096,7101
3484,6096,7101
3557,6096,7101
3852,6096,7101
3560,6096,7101
3764,6096,7101
4087,6096,7101
3938,6096,7101
4014,6096,7101
3973,6096,7101
4065,6096,7101
3891,6096,7101
3709,6096,7101
3789,6096,7101
4192,6096,7101
3997,6096,7101
4086,6096,7101
3994,6096,7101
4164,6096,7101
3857,6096,7101
4286,6096,7101
4320,6096,7101
4239,6096,7101
4013,6096,7101
4057,6096,7101
4004,6096,7101
4214,6096,7101
4511,6096,7101
4387,6096,7101
4488,6096,7101
4480,6096,7101
4508,6096,7101
4389,6096,7101
4235,6096,7101
4402,6096,7101
4301,6096,7101
4445,6096,7101
4274,6096,7101
4607,6096,7101
4785,6096,7101
4724,6096,7101
4737,6096,7101
4652,6096,7101
4459,6096,7101
4628,6096,7101
4454,6096,7101
4669,6096,7101
4953,6096,7101
4831,6096,7101
4891,6096,7101
4712,6096,7101
4961,6096,7101
4681,6096,7101
4602,6096,7101
4683,6096,7101
5060,6096,7101
4893,6096,7101
4955,6096,7101
4922,6096,7101
5055,6096,7101
4831,6096,7101
5185,6096,7101
4735,6096,7101
5127,6096,7101
4907,6096,7101
4996,6096,7101
4986,6096,7101
5117,6096,7101
4935,6096,7101
5279,6096,7101
5431,6096,7101
5304,6096,7101
5409,6096,7101
5142,6096,7101
5131,6096,7101
5222,6096,7101
5158,6096,7101
5341,6096,7101
5639,6096,7101
519,6096,7101
540,6096,7101
321,6096,7101
649,6096,7101
649,6096,7101
540,6096,7101
290,6096,7101
371,6096,7101
604,6096,7101
476,6096,7101
581,6096,7101
478,6096,7101
743,6096,7101
908,6096,7101
873,6096,7101
873,6096,7101
801,6096,7101
595,6096,7101
880,6096,7101
805,6096,7101
846,6096,7101
807,6096,7101
967,6096,7101
783,6096,7101
1097,6096,7101
607,6096,7101
986,6096,7101
819,6096,7101
1041,6096,7101
989,6096,7101
1029,6096,7101
966,6096,7101
1191,6096,7101
980,6096,7101
1321,6096,7101
962,6096,7101
962,6096,7101
1043,6096,7101
1394,6096,7101
1161,6096,7101
1253,6096,7101
1085,6096,7101
1415,6096,7101
1602,6096,7101
1545,6096,7101
1545,6096,7101
1513,6096,7101
1267,6096,7101
1384,6096,7101
1320,6096,7101
1477,6096,7101
1295,6096,7101
1639,6096,7101
1826,6096,7101
1769,6096,7101
1248,6096,7101
1752,6096,7101
1491,6096,7101
1763,6096,7101
1486,6096,7101
1701,6096,7101
2012,6096,7101
1863,6096,7101
1897,6096,7101
1836,6096,7101
1993,6096,7101
1765,6096,7101
1634,6096,7101
1691,6096,7101
1715,6096,7101
1974,6096,7101
1710,6096,7101
1925,6096,7101
2144,6096,7101
2059,6096,7101
2087,6096,7101
2046,6096,7101
2217,6096,7101
1976,6096,7101
1858,6096,7101
1939,6096,7101
2316,6096,7101
2005,6096,7101
2149,6096,7101
1967,6096,7101
2311,6096,7101
2450,6096,7101
2166,6096,7101
2441,6096,7101
2004,6096,7101
2356,6096,7101
2082,6096,7101
2163,6096,7101
2593,6096,7101
2373,6096,7101
2474,6096,7101
2362,6096,7101
2535,6096,7101
2298,6096,7101
2665,6096,7101
2712,6096,7101
2580,6096,7101
2387,6096,7101
2541,6096,7101
2414,6096,7101
2597,6096,7101
2908,6096,7101
2759,6096,7101
2834,6096,7101
2758,6096,7101
2889,6096,7101
2635,6096,7101
2611,6096,7101
2653,6096,7101
3061,6096,7101
2821,6096,7101
3001,6096,7101
2902,6096,7101
2983,6096,7101
2825,6096,7101
3113,6096,7101
2767,6096,7101
2754,6096,7101
2835,6096,7101
3120,6096,7101
2888,6096,7101
3045,6096,7101
3251,6096,7101
3126,6096,7101
3207,6096,7101
3088,6096,7101
3337,6096,7101
3004,6096,7101
2978,6096,7101
3059,6096,7101
3410,6096,7101
3269,6096,7101
3313,6096,7101
3258,6096,7101
3431,6096,7101
3194,6096,7101
3561,6096,7101
3176,6096,7101
3202,6096,7101
3226,6096,7101
3283,6096,7101
3437,6096,7101
3278,6096,7101
3493,6096,7101
3791,6096,7101
3655,6096,7101
3689,6096,7101
3510,6096,7101
3785,6096,7101
3426,6096,7101
3426,6096,7101
3507,6096,7101
3924,6096,7101
3717,6096,7101
3818,6096,7101
3785,6096,7101
3879,6096,7101
3681,6096,7101
4009,6096,7101
3598,6096,7101
3650,6096,7101
3731,6096,7101
4108,6096,7101
3941,6096,7101
4029,6096,7101
3996,6096,7101
4103,6096,7101
3762,6096,7101
4038,6096,7101
4233,6096,7101
3939,6096,7101
3921,6096,7101
3955,6096,7101
3950,6096,7101
4165,6096,7101
4384,6096,7101
4259,6096,7101
4327,6096,7101
4129,6096,7101
4457,6096,7101
3967,6096,7101
4464,6096,7101
4179,6096,7101
4399,6096,7101
4174,6096,7101
4389,6096,7101
4660,6096,7101
4551,6096,7101
4611,6096,7101
4484,6096,7101
4681,6096,7101
4414,6096,7101
4322,6096,7101
4403,6096,7101
4820,6096,7101
4613,6096,7101
4793,6096,7101
4720,6096,7101
4775,6096,7101
4695,6096,7101
4905,6096,7101
4572,6096,7101
4546,6096,7101
4627,6096,7101
5017,6096,7101
4706,6096,7101
4837,6096,7101
4655,6096,7101
4999,6096,7101
5101,6096,7101
4906,6096,7101
5129,6096,7101
4796,6096,7101
4770,6096,7101
4851,6096,7101
5254,6096,7101
5061,6096,7101
5175,6096,7101
5116,6096,7101
5223,6096,7101
5052,6096,7101
5353,6096,7101
4981,6096,7101
4994,6096,7101
5075,6096,7101
5452,6096,7101
5285,6096,7101
5314,6096,7101
5274,6096,7101
5447,6096,7101
5223,6096,7101
5577,6096,7101
5166,6096,7101
5218,6096,7101
5299,6096,7101
5729,6096,7101
473,6096,7101
473,6096,7101
436,6096,7101
635,6096,7101
385,6096,7101
765,6096,7101
315,6096,7101
406,6096,7101
487,6096,7101
917,6096,7101
697,6096,7101
851,6096,7101
765,6096,7101
859,6096,7101
727,6096,7101
989,6096,7101
658,6096,7101
630,6096,7101
711,6096,7101
1154,6096,7101
921,6096,7101
970,6096,7101
923,6096,7101
1083,6096,7101
872,6096,7101
1213,6096,7101
789,6096,7101
854,6096,7101
935,6096,7101
1365,6096,7101
1001,6096,7101
1145,6096,7101
1149,6096,7101
1312,6096,7101
1082,6096,7101
1307,6096,7101
992,6096,7101
1424,6096,7101
1437,6096,7101
1326,6096,7101
1159,6096,7101
1159,6096,7101
1154,6096,7101
1369,6096,7101
1667,6096,7101
1531,6096,7101
1591,6096,7101
1530,6096,7101
1661,6096,7101
1459,6096,7101
1383,6096,7101
1391,6096,7101
1378,6096,7101
1593,6096,7101
1851,6096,7101
1755,6096,7101
1789,6096,7101
1636,6096,7101
1885,6096,7101
1578,6096,7101
1526,6096,7101
1607,6096,7101
1984,6096,7101
1777,6096,7101
1817,6096,7101
1637,6096,7101
1980,6096,7101
2132,6096,7101
2030,6096,7101
2109,6096,7101
1868,6096,7101
1750,6096,7101
1831,6096,7101
1826,6096,7101
2041,6096,7101
2339,6096,7101
2203,6096,7101
2250,6096,7101
2162,6096,7101
2333,6096,7101
2000,6096,7101
1974,6096,7101
2055,6096,7101
2485,6096,7101
2121,6096,7101
2265,6096,7101
2083,6096,7101
2427,6096,7101
2592,6096,7101
2517,6096,7101
2557,6096,7101
2433,6096,7101
2279,6096,7101
2295,6096,7101
2274,6096,7101
2489,6096,7101
2760,6096,7101
2636,6096,7101
2651,6096,7101
2663,6096,7101
2781,6096,7101
2553,6096,7101
2422,6096,7101
2503,6096,7101
2933,6096,7101
2713,6096,7101
2827,6096,7101
2702,6096,7101
2875,6096,7101
2625,6096,7101
3005,6096,7101
2581,6096,7101
2646,6096,7101
2727,6096,7101
3177,6096,7101
2845,6096,7101
2937,6096,7101
2755,6096,7101
3099,6096,7101
3172,6096,7101
3085,6096,7101
3229,6096,7101
3040,6096,7101
2870,6096,7101
2951,6096,7101
3315,6096,7101
3045,6096,7101
3161,6096,7101
2979,6096,7101
3323,6096,7101
3475,6096,7101
3387,6096,7101
3453,6096,7101
3238,6096,7101
3094,6096,7101
3175,6096,7101
3539,6096,7101
3385,6096,7101
3393,6096,7101
3203,6096,7101
3453,6096,7101
3547,6096,7101
3194,6096,7101
3650,6096,7101
3677,6096,7101
3553,6096,7101
3399,6096,7101
3488,6096,7101
3394,6096,7101
3609,6096,7101
3880,6096,7101
3729,6096,7101
3771,6096,7101
3652,6096,7101
3901,6096,7101
3542,6096,7101
3542,6096,7101
3623,6096,7101
3974,6096,7101
3833,6096,7101
3843,6096,7101
3770,6096,7101
3995,6096,7101
3693,6096,7101
4125,6096,7101
4143,6096,7101
4054,6096,7101
3847,6096,7101
3896,6096,7101
3842,6096,7101
4057,6096,7101
4315,6096,7101
4219,6096,7101
4253,6096,7101
4139,6096,7101
4349,6096,7101
4016,6096,7101
3990,6096,7101
4071,6096,7101
4474,6096,7101
4281,6096,7101
4322,6096,7101
4192,6096,7101
4443,6096,7101
4090,6096,7101
4418,6096,7101
4573,6096,7101
4371,6096,7101
4295,6096,7101
4303,6096,7101
4290,6096,7101
4505,6096,7101
4776,6096,7101
4625,6096,7101
4667,6096,7101
4561,6096,7101
4797,6096,7101
4490,6096,7101
4438,6096,7101
4519,6096,7101
4962,6096,7101
4729,6096,7101
4883,6096,7101
4810,6096,7101
4891,6096,7101
4733,6096,7101
5021,6096,7101
4662,6096,7101
4662,6096,7101
4743,6096,7101
5146,6096,7101
4953,6096,7101
5094,6096,7101
4929,6096,7101
5115,6096,7101
4904,6096,7101
5245,6096,7101
4821,6096,7101
4886,6096,7101
4967,6096,7101
5410,6096,7101
5177,6096,7101
5357,6096,7101
5271,6096,7101
5339,6096,7101
5220,6096,7101
5469,6096,7101
5110,6096,7101
5110,6096,7101
5191,6096,7101
5568,6096,7101
5201,6096,7101
5401,6096,7101
5699,6096,7101
519,6096,7101
568,6096,7101
465,6096,7101
649,6096,7101
382,6096,7101
290,6096,7101
371,6096,7101
748,6096,7101
555,6096,7101
581,6096,7101
492,6096,7101
743,6096,7101
428,6096,7101
860,6096,7101
873,6096,7101
775,6096,7101
595,6096,7101
775,6096,7101
590,6096,7101
805,6096,7101
846,6096,7101
623,6096,7101
967,6096,7101
1119,6096,7101
1070,6096,7101
1097,6096,7101
973,6096,7101
738,6096,7101
819,6096,7101
1238,6096,7101
898,6096,7101
1029,6096,7101
1329,6096,7101
1005,6096,7101
1191,6096,7101
928,6096,7101
1321,6096,7101
1362,6096,7101
1236,6096,7101
1043,6096,7101
1145,6096,7101
1038,6096,7101
1253,6096,7101
1511,6096,7101
1415,6096,7101
1436,6096,7101
1363,6096,7101
1545,6096,7101
1264,6096,7101
1186,6096,7101
1267,6096,7101
1670,6096,7101
1372,6096,7101
1477,6096,7101
1295,6096,7101
1639,6096,7101
1739,6096,7101
1677,6096,7101
1769,6096,7101
1580,6096,7101
1432,6096,7101
1491,6096,7101
1921,6096,7101
1701,6096,7101
1744,6096,7101
1614,6096,7101
1863,6096,7101
1600,6096,7101
1993,6096,7101
1543,6096,7101
1634,6096,7101
1715,6096,7101
2145,6096,7101
1925,6096,7101
2026,6096,7101
1927,6096,7101
2087,6096,7101
1876,6096,7101
2217,6096,7101
1806,6096,7101
1858,6096,7101
1939,6096,7101
2356,6096,7101
2149,6096,7101
2224,6096,7101
2138,6096,7101
2311,6096,7101
2100,6096,7101
2441,6096,7101
2030,6096,7101
2082,6096,7101
2163,6096,7101
2566,6096,7101
2373,6096,7101
2381,6096,7101
2448,6096,7101
2671,6096,7101
2336,6096,7101
2535,6096,7101
2182,6096,7101
2665,6096,7101
2675,6096,7101
2554,6096,7101
2306,6096,7101
2387,6096,7101
2790,6096,7101
2597,6096,7101
2644,6096,7101
2547,6096,7101
2759,6096,7101
2483,6096,7101
2889,6096,7101
2413,6096,7101
2530,6096,7101
2611,6096,7101
2962,6096,7101
2821,6096,7101
2850,6096,7101
2784,6096,7101
2983,6096,7101
2772,6096,7101
3113,6096,7101
2728,6096,7101
2754,6096,7101
2835,6096,7101
3265,6096,7101
2830,6096,7101
2927,6096,7101
3045,6096,7101
3120,6096,7101
2863,6096,7101
3207,6096,7101
3307,6096,7101
3153,6096,7101
3337,6096,7101
2939,6096,7101
2978,6096,7101
3059,6096,7101
3489,6096,7101
3269,6096,7101
3398,6096,7101
3324,6096,7101
3431,6096,7101
3312,6096,7101
3561,6096,7101
3241,6096,7101
3202,6096,7101
3283,6096,7101
3278,6096,7101
3493,6096,7101
3751,6096,7101
3655,6096,7101
3741,6096,7101
3706,6096,7101
3785,6096,7101
3609,6096,7101
3507,6096,7101
3536,6096,7101
3502,6096,7101
3717,6096,7101
4028,6096,7101
3879,6096,7101
3965,6096,7101
3917,6096,7101
4009,6096,7101
3874,6096,7101
3731,6096,7101
3807,6096,7101
3737,6096,7101
3941,6096,7101
3759,6096,7101
4103,6096,7101
3762,6096,7101
4233,6096,7101
3743,6096,7101
3874,6096,7101
3955,6096,7101
3950,6096,7101
4165,6096,7101
3983,6096,7101
4327,6096,7101
4387,6096,7101
4275,6096,7101
4457,6096,7101
4216,6096,7101
4111,6096,7101
4179,6096,7101
4622,6096,7101
4389,6096,7101
4466,6096,7101
4431,6096,7101
4551,6096,7101
4367,6096,7101
4681,6096,7101
4283,6096,7101
4322,6096,7101
4403,6096,7101
4715,6096,7101
4413,6096,7101
4613,6096,7101
4819,6096,7101
4563,6096,7101
4775,6096,7101
4422,6096,7101
4867,6096,7101
4905,6096,7101
4742,6096,7101
4627,6096,7101
4637,6096,7101
4622,6096,7101
4837,6096,7101
5108,6096,7101
4984,6096,7101
4999,6096,7101
4932,6096,7101
5129,6096,7101
4822,6096,7101
4770,6096,7101
4851,6096,7101
5254,6096,7101
5008,6096,7101
5061,6096,7101
4925,6096,7101
5223,6096,7101
5401,6096,7101
5326,6096,7101
5353,6096,7101
5216,6096,7101
4994,6096,7101
5075,6096,7101
5492,6096,7101
5285,6096,7101
5386,6096,7101
5149,6096,7101
5447,6096,7101
5132,6096,7101
5577,6096,7101
5589,6096,7101
5362,6096,7101
5218,6096,7101
5299,6096,7101
5742,6096,7101
407,6096,7101
473,6096,7101
771,6096,7101
475,6096,7101
607,6096,7101
635,6096,7101
411,6096,7101
765,6096,7101
244,6096,7101
733,6096,7101
487,6096,7101
720,6096,7101
540,6096,7101
697,6096,7101
929,6096,7101
634,6096,7101
859,6096,7101
1046,6096,7101
964,6096,7101
989,6096,7101
891,6096,7101
630,6096,7101
711,6096,7101
1101,6096,7101
921,6096,7101
950,6096,7101
832,6096,7101
1083,6096,7101
794,6096,7101
1213,6096,7101
750,6096,7101
1128,6096,7101
935,6096,7101
1037,6096,7101
988,6096,7101
1145,6096,7101
963,6096,7101
1307,6096,7101
1485,6096,7101
1437,6096,7101
1466,6096,7101
1339,6096,7101
1159,6096,7101
1300,6096,7101
1238,6096,7101
1369,6096,7101
1198,6096,7101
1531,6096,7101
1657,6096,7101
1634,6096,7101
1661,6096,7101
1563,6096,7101
1302,6096,7101
1383,6096,7101
1826,6096,7101
1593,6096,7101
1762,6096,7101
1713,6096,7101
1755,6096,7101
1688,6096,7101
1885,6096,7101
1604,6096,7101
1526,6096,7101
1607,6096,7101
1602,6096,7101
1817,6096,7101
2077,6096,7101
1900,6096,7101
1979,6096,7101
1626,6096,7101
1860,6096,7101
2109,6096,7101
2138,6096,7101
2038,6096,7101
1750,6096,7101
1831,6096,7101
2038,6096,7101
1826,6096,7101
2041,6096,7101
2299,6096,7101
2175,6096,7101
2203,6096,7101
2112,6096,7101
2333,6096,7101
1987,6096,7101
1974,6096,7101
2055,6096,7101
2485,6096,7101
2212,6096,7101
2265,6096,7101
2083,6096,7101
2427,6096,7101
2579,6096,7101
2491,6096,7101
2557,6096,7101
2355,6096,7101
2198,6096,7101
2279,6096,7101
2656,6096,7101
2410,6096,7101
2489,6096,7101
2721,6096,7101
2413,6096,7101
2651,6096,7101
2298,6096,7101
2768,6096,7101
2781,6096,7101
2644,6096,7101
2503,6096,7101
2545,6096,7101
2854,6096,7101
2556,6096,7101
2713,6096,7101
2971,6096,7101
2781,6096,7101
2875,6096,7101
2730,6096,7101
3005,6096,7101
2659,6096,7101
2646,6096,7101
2727,6096,7101
3104,6096,7101
2937,6096,7101
3040,6096,7101
2979,6096,7101
3099,6096,7101
2941,6096,7101
3229,6096,7101
2870,6096,7101
2870,6096,7101
2951,6096,7101
3223,6096,7101
2946,6096,7101
3161,6096,7101
3419,6096,7101
3295,6096,7101
3323,6096,7101
3230,6096,7101
3453,6096,7101
3094,6096,7101
3094,6096,7101
3175,6096,7101
3565,6096,7101
3359,6096,7101
3385,6096,7101
3203,6096,7101
3479,6096,7101
3547,6096,7101
3336,6096,7101
3677,6096,7101
3227,6096,7101
3318,6096,7101
3399,6096,7101
3829,6096,7101
3609,6096,7101
3723,6096,7101
3677,6096,7101
3771,6096,7101
3639,6096,7101
3901,6096,7101
3568,6096,7101
3542,6096,7101
3623,6096,7101
4053,6096,7101
3833,6096,7101
3874,6096,7101
3744,6096,7101
3995,6096,7101
4147,6096,7101
4072,6096,7101
4125,6096,7101
4040,6096,7101
3766,6096,7101
3847,6096,7101
4185,6096,7101
4004,6096,7101
4057,6096,7101
3955,6096,7101
4219,6096,7101
3866,6096,7101
4349,6096,7101
4390,6096,7101
4278,6096,7101
4071,6096,7101
4238,6096,7101
4189,6096,7101
4281,6096,7101
4099,6096,7101
4443,6096,7101
4608,6096,7101
4573,6096,7101
4585,6096,7101
4515,6096,7101
4214,6096,7101
4295,6096,7101
4685,6096,7101
4505,6096,7101
4593,6096,7101
4429,6096,7101
4667,6096,7101
4326,6096,7101
4757,6096,7101
4797,6096,7101
4647,6096,7101
4438,6096,7101
4519,6096,7101
4804,6096,7101
4514,6096,7101
4729,6096,7101
4547,6096,7101
4891,6096,7101
4550,6096,7101
5021,6096,7101
5064,6096,7101
5004,6096,7101
4743,6096,7101
4950,6096,7101
4848,6096,7101
4953,6096,7101
4771,6096,7101
5115,6096,7101
5241,6096,7101
5166,6096,7101
5245,6096,7101
5121,6096,7101
4954,6096,7101
4967,6096,7101
4962,6096,7101
5177,6096,7101
5437,6096,7101
5258,6096,7101
5339,6096,7101
5168,6096,7101
5469,6096,7101
5071,6096,7101
5110,6096,7101
5191,6096,7101
5581,6096,7101
5257,6096,7101
5401,6096,7101
5699,6096,7101
425,6096,7101
519,6096,7101
413,6096,7101
649,6096,7101
329,6096,7101
290,6096,7101
371,6096,7101
801,6096,7101
581,6096,7101
695,6096,7101
449,6096,7101
743,6096,7101
897,6096,7101
846,6096,7101
873,6096,7101
764,6096,7101
595,6096,7101
671,6096,7101
635,6096,7101
805,6096,7101
1089,6096,7101
967,6096,7101
1001,6096,7101
966,6096,7101
1097,6096,7101
803,6096,7101
738,6096,7101
819,6096,7101
1222,6096,7101
976,6096,7101
1029,6096,7101
966,6096,7101
1191,6096,7101
954,6096,7101
1321,6096,7101
897,6096,7101
962,6096,7101
1043,6096,7101
1473,6096,7101
1174,6096,7101
1253,6096,7101
1071,6096,7101
1415,6096,7101
1530,6096,7101
1440,6096,7101
1545,6096,7101
1264,6096,7101
1186,6096,7101
1267,6096,7101
1262,6096,7101
1477,6096,7101
1748,6096,7101
1597,6096,7101
1639,6096,7101
1507,6096,7101
1769,6096,7101
1449,6096,7101
1410,6096,7101
1491,6096,7101
1855,6096,7101
1486,6096,7101
1701,6096,7101
1920,6096,7101
1651,6096,7101
1863,6096,7101
1574,6096,7101
1901,6096,7101
1993,6096,7101
1778,6096,7101
1634,6096,7101
1715,6096,7101
1987,6096,7101
1710,6096,7101
1925,6096,7101
2183,6096,7101
2072,6096,7101
2087,6096,7101
1916,6096,7101
2217,6096,7101
1767,6096,7101
1858,6096,7101
1939,6096,7101
2303,6096,7101
2057,6096,7101
2149,6096,7101
2422,6096,7101
2311,6096,7101
2371,6096,7101
2323,6096,7101
2441,6096,7101
2278,6096,7101
2137,6096,7101
2163,6096,7101
2475,6096,7101
2169,6096,7101
2373,6096,7101
2689,6096,7101
2535,6096,7101
2687,6096,7101
2665,6096,7101
2675,6096,7101
2594,6096,7101
2387,6096,7101
2554,6096,7101
2453,6096,7101
2597,6096,7101
2415,6096,7101
2759,6096,7101
2845,6096,7101
2666,6096,7101
2889,6096,7101
2569,6096,7101
2530,6096,7101
2611,6096,7101
2988,6096,7101
2821,6096,7101
2862,6096,7101
2745,6096,7101
2983,6096,7101
2694,6096,7101
3113,6096,7101
3156,6096,7101
3107,6096,7101
2835,6096,7101
3029,6096,7101
2830,6096,7101
3045,6096,7101
3133,6096,7101
2863,6096,7101
3207,6096,7101
3320,6096,7101
3245,6096,7101
3337,6096,7101
2991,6096,7101
3344,6096,7101
3025,6096,7101
3059,6096,7101
3054,6096,7101
3269,6096,7101
3087,6096,7101
3431,6096,7101
3090,6096,7101
3561,6096,7101
3051,6096,7101
3555,6096,7101
3283,6096,7101
3450,6096,7101
3291,6096,7101
3493,6096,7101
3791,6096,7101
3640,6096,7101
3655,6096,7101
3499,6096,7101
3785,6096,7101
3348,6096,7101
3792,6096,7101
3426,6096,7101
3507,6096,7101
3832,6096,7101
3599,6096,7101
3717,6096,7101
3535,6096,7101
3879,6096,7101
4057,6096,7101
3917,6096,7101
4009,6096,7101
3676,6096,7101
3650,6096,7101
3731,6096,7101
4095,6096,7101
3915,6096,7101
3941,6096,7101
3759,6096,7101
4103,6096,7101
4163,6096,7101
4010,6096,7101
4233,6096,7101
3809,6096,7101
4214,6096,7101
3955,6096,7101
4109,6096,7101
3950,6096,7101
4165,6096,7101
4436,6096,7101
4327,6096,7101
4348,6096,7101
4221,6096,7101
4457,6096,7101
4111,6096,7101
4098,6096,7101
4179,6096,7101
4174,6096,7101
4389,6096,7101
4621,6096,7101
4339,6096,7101
4551,6096,7101
4677,6096,7101
4615,6096,7101
4681,6096,7101
4518,6096,7101
4322,6096,7101
4403,6096,7101
4820,6096,7101
4613,6096,7101
4642,6096,7101
4511,6096,7101
4775,6096,7101
4962,6096,7101
4695,6096,7101
4905,6096,7101
4481,6096,7101
4546,6096,7101
4627,6096,7101
5044,6096,7101
4837,6096,7101
4964,6096,7101
4946,6096,7101
4999,6096,7101
4854,6096,7101
5129,6096,7101
4718,6096,7101
5097,6096,7101
4770,6096,7101
4852,6096,7101
5203,6096,7101
4982,6096,7101
5061,6096,7101
4879,6096,7101
5223,6096,7101
5349,6096,7101
5248,6096,7101
5353,6096,7101
5153,6096,7101
5075,6096,7101
5117,6096,7101
5070,6096,7101
5285,6096,7101
5504,6096,7101
5447,6096,7101
5468,6096,7101
5407,6096,7101
5577,6096,7101
5362,6096,7101
5273,6096,7101
5299,6096,7101
5731,6096,7101
473,6096,7101
481,6096,7101
449,6096,7101
635,6096,7101
372,6096,7101
752,6096,7101
765,6096,7101
667,6096,7101
487,6096,7101
654,6096,7101
493,6096,7101
697,6096,7101
981,6096,7101
859,6096,7101
906,6096,7101
818,6096,7101
989,6096,7101
708,6096,7101
630,6096,7101
711,6096,7101
1036,6096,7101
738,6096,7101
921,6096,7101
1101,6096,7101
845,6096,7101
1083,6096,7101
755,6096,7101
1173,6096,7101
1213,6096,7101
1050,6096,7101
935,6096,7101
949,6096,7101
930,6096,7101
1145,6096,7101
1443,6096,7101
1307,6096,7101
1380,6096,7101
1319,6096,7101
1437,6096,7101
1235,6096,7101
1078,6096,7101
1159,6096,7101
1510,6096,7101
1369,6096,7101
1457,6096,7101
1371,6096,7101
1531,6096,7101
1242,6096,7101
1661,6096,7101
1171,6096,7101
1642,6096,7101
1383,6096,7101
1537,6096,7101
1378,6096,7101
1593,6096,7101
1891,6096,7101
1755,6096,7101
1802,6096,7101
1728,6096,7101
1885,6096,7101
1513,6096,7101
1827,6096,7101
1607,6096,7101
1617,6096,7101
1602,6096,7101
1817,6096,7101
2130,6096,7101
1979,6096,7101
1989,6096,7101
1938,6096,7101
2109,6096,7101
1857,6096,7101
1785,6096,7101
1831,6096,7101
1826,6096,7101
2041,6096,7101
2352,6096,7101
2203,6096,7101
2276,6096,7101
2215,6096,7101
2333,6096,7101
2079,6096,7101
1974,6096,7101
2055,6096,7101
2485,6096,7101
2265,6096,7101
2353,6096,7101
2215,6096,7101
2427,6096,7101
2086,6096,7101
2530,6096,7101
2557,6096,7101
2433,6096,7101
2279,6096,7101
2341,6096,7101
2274,6096,7101
2489,6096,7101
2760,6096,7101
2636,6096,7101
2651,6096,7101
2375,6096,7101
2781,6096,7101
2291,6096,7101
2422,6096,7101
2503,6096,7101
2498,6096,7101
2713,6096,7101
2958,6096,7101
2820,6096,7101
2875,6096,7101
2769,6096,7101
3005,6096,7101
2726,6096,7101
2727,6096,7101
2727,6096,7101
3130,6096,7101
2722,6096,7101
2937,6096,7101
3077,6096,7101
2994,6096,7101
3099,6096,7101
2901,6096,7101
3229,6096,7101
2844,6096,7101
2870,6096,7101
2951,6096,7101
3381,6096,7101
3161,6096,7101
3210,6096,7101
3072,6096,7101
3323,6096,7101
3030,6096,7101
3449,6096,7101
2939,6096,7101
3378,6096,7101
3171,6096,7101
3325,6096,7101
3259,6096,7101
3377,6096,7101
3191,6096,7101
3535,6096,7101
3650,6096,7101
3477,6096,7101
3661,6096,7101
3367,6096,7101
3302,6096,7101
3383,6096,7101
3813,6096,7101
3471,6096,7101
3589,6096,7101
3403,6096,7101
3747,6096,7101
3390,6096,7101
3873,6096,7101
3873,6096,7101
3790,6096,7101
3595,6096,7101
3637,6096,7101
3586,6096,7101
3801,6096,7101
4033,6096,7101
3826,6096,7101
3959,6096,7101
3771,6096,7101
4085,6096,7101
3726,6096,7101
3726,6096,7101
3807,6096,7101
4119,6096,7101
3830,6096,7101
4013,6096,7101
4286,6096,7101
4143,6096,7101
4171,6096,7101
4076,6096,7101
4297,6096,7101
4056,6096,7101
3938,6096,7101
4019,6096,7101
4469,6096,7101
4225,6096,7101
4266,6096,7101
4121,6096,7101
4383,6096,7101
4064,6096,7101
4509,6096,7101
4552,6096,7101
4464,6096,7101
4150,6096,7101
4231,6096,7101
4222,6096,7101
4437,6096,7101
4251,6096,7101
4595,6096,7101
4238,6096,7101
4721,6096,7101
4218,6096,7101
4728,6096,7101
4443,6096,7101
4715,6096,7101
4609,6096,7101
4649,6096,7101
4543,6096,7101
4807,6096,7101
4516,6096,7101
4933,6096,7101
4974,6096,7101
4809,6096,7101
4655,6096,7101
4684,6096,7101
4646,6096,7101
4861,6096,7101
5106,6096,7101
5004,6096,7101
5019,6096,7101
4883,6096,7101
5145,6096,7101
4747,6096,7101
4786,6096,7101
4867,6096,7101
5257,6096,7101
5033,6096,7101
5073,6096,7101
5384,6096,7101
5216,6096,7101
5231,6096,7101
5173,6096,7101
5357,6096,7101
5116,6096,7101
5066,6096,7101
5079,6096,7101
5070,6096,7101
5285,6096,7101
5596,6096,7101
5443,6096,7101
5503,6096,7101
5490,6096,7101
5569,6096,7101
5393,6096,7101
5210,6096,7101
5291,6096,7101
5353,6096,7101
597,6096,7101
250,6096,7101
465,6096,7101
763,6096,7101
595,6096,7101
623,6096,7101
500,6096,7101
749,6096,7101
366,6096,7101
390,6096,7101
471,6096,7101
704,6096,7101
494,6096,7101
677,6096,7101
909,6096,7101
793,6096,7101
835,6096,7101
764,6096,7101
961,6096,7101
667,6096,7101
602,6096,7101
683,6096,7101
1075,6096,7101
889,6096,7101
964,6096,7101
927,6096,7101
1047,6096,7101
832,6096,7101
1173,6096,7101
762,6096,7101
814,6096,7101
895,6096,7101
1325,6096,7101
1101,6096,7101
1241,6096,7101
1154,6096,7101
1259,6096,7101
1162,6096,7101
1385,6096,7101
1028,6096,7101
1026,6096,7101
1107,6096,7101
1550,6096,7101
1313,6096,7101
1388,6096,7101
1298,6096,7101
1471,6096,7101
1191,6096,7101
1597,6096,7101
1121,6096,7101
1565,6096,7101
1238,6096,7101
1319,6096,7101
1528,6096,7101
1762,6096,7101
1525,6096,7101
1679,6096,7101
1668,6096,7101
1683,6096,7101
1547,6096,7101
1809,6096,7101
1476,6096,7101
1450,6096,7101
1531,6096,7101
1790,6096,7101
1522,6096,7101
1737,6096,7101
2048,6096,7101
1895,6096,7101
1995,6096,7101
1918,6096,7101
2021,6096,7101
1740,6096,7101
1662,6096,7101
1743,6096,7101
2146,6096,7101
1949,6096,7101
1990,6096,7101
1910,6096,7101
2107,6096,7101
1840,6096,7101
2233,6096,7101
1770,6096,7101
1874,6096,7101
1955,6096,7101
2332,6096,7101
2148,6096,7101
2161,6096,7101
2055,6096,7101
2319,6096,7101
2506,6096,7101
2432,6096,7101
2445,6096,7101
2310,6096,7101
2086,6096,7101
2167,6096,7101
2584,6096,7101
2320,6096,7101
2373,6096,7101
2255,6096,7101
2531,6096,7101
2225,6096,7101
2657,6096,7101
2657,6096,7101
2457,6096,7101
2298,6096,7101
2379,6096,7101
2370,6096,7101
2585,6096,7101
2896,6096,7101
2743,6096,7101
2895,6096,7101
2829,6096,7101
2869,6096,7101
2771,6096,7101
2591,6096,7101
2745,6096,7101
2600,6096,7101
2797,6096,7101
3081,6096,7101
2955,6096,7101
2989,6096,7101
2897,6096,7101
3081,6096,7101
2735,6096,7101
2722,6096,7101
2803,6096,7101
3220,6096,7101
3009,6096,7101
3073,6096,7101
3021,6096,7101
3167,6096,7101
2861,6096,7101
3293,6096,7101
3293,6096,7101
3156,6096,7101
2934,6096,7101
3015,6096,7101
3460,6096,7101
3221,6096,7101
3388,6096,7101
3300,6096,7101
3379,6096,7101
3073,6096,7101
3505,6096,7101
3519,6096,7101
3434,6096,7101
3146,6096,7101
3227,6096,7101
3381,6096,7101
3218,6096,7101
3433,6096,7101
3247,6096,7101
3591,6096,7101
3717,6096,7101
3664,6096,7101
3717,6096,7101
3593,6096,7101
3439,6096,7101
3567,6096,7101
3430,6096,7101
3645,6096,7101
3759,6096,7101
3565,6096,7101
3803,6096,7101
3484,6096,7101
3902,6096,7101
3929,6096,7101
3805,6096,7101
3651,6096,7101
3740,6096,7101
3642,6096,7101
3857,6096,7101
3671,6096,7101
4015,6096,7101
4193,6096,7101
4114,6096,7101
4141,6096,7101
4004,6096,7101
3863,6096,7101
3892,6096,7101
4306,6096,7101
4069,6096,7101
4196,6096,7101
4107,6096,7101
4227,6096,7101
3999,6096,7101
4353,6096,7101
3877,6096,7101
3994,6096,7101
4075,6096,7101
4478,6096,7101
4281,6096,7101
4369,6096,7101
4106,6096,7101
4439,6096,7101
4473,6096,7101
4342,6096,7101
4565,6096,7101
4232,6096,7101
4206,6096,7101
4287,6096,7101
4737,6096,7101
4493,6096,7101
4660,6096,7101
4583,6096,7101
4651,6096,7101
4436,6096,7101
4777,6096,7101
4379,6096,7101
4418,6096,7101
4499,6096,7101
4942,6096,7101
4705,6096,7101
4832,6096,7101
4769,6096,7101
4863,6096,7101
4714,6096,7101
4989,6096,7101
4617,6096,7101
4983,6096,7101
4711,6096,7101
4918,6096,7101
4799,6096,7101
4917,6096,7101
5228,6096,7101
5075,6096,7101
5148,6096,7101
5096,6096,7101
5201,6096,7101
5012,6096,7101
4842,6096,7101
4923,6096,7101
5315,6096,7101
5050,6096,7101
5129,6096,7101
5009,6096,7101
5287,6096,7101
5426,6096,7101
5360,6096,7101
5413,6096,7101
5211,6096,7101
5054,6096,7101
5135,6096,7101
5460,6096,7101
5223,6096,7101
5341,6096,7101
637,6096,7101
404,6096,7101
511,6096,7101
349,6096,7101
637,6096,7101
226,6096,7101
278,6096,7101
359,6096,7101
762,6096,7101
565,6096,7101
610,6096,7101
524,6096,7101
723,6096,7101
469,6096,7101
849,6096,7101
399,6096,7101
856,6096,7101
490,6096,7101
571,6096,7101
778,6096,7101
573,6096,7101
777,6096,7101
1088,6096,7101
935,6096,7101
1021,6096,7101
904,6096,7101
1061,6096,7101
780,6096,7101
702,6096,7101
783,6096,7101
1121,6096,7101
910,6096,7101
989,6096,7101
803,6096,7101
1147,6096,7101
1273,6096,7101
1207,6096,7101
1273,6096,7101
1058,6096,7101
914,6096,7101
995,6096,7101
986,6096,7101
1201,6096,7101
1485,6096,7101
1359,6096,7101
1445,6096,7101
1393,6096,7101
1485,6096,7101
1204,6096,7101
1126,6096,7101
1207,6096,7101
1624,6096,7101
1400,6096,7101
1413,6096,7101
1273,6096,7101
1571,6096,7101
1723,6096,7101
1697,6096,7101
1707,6096,7101
1469,6096,7101
1338,6096,7101
1419,6096,7101
1864,6096,7101
1625,6096,7101
1752,6096,7101
1728,6096,7101
1783,6096,7101
1699,6096,7101
1909,6096,7101
1615,6096,7101
1572,6096,7101
1631,6096,7101
1622,6096,7101
1837,6096,7101
2095,6096,7101
1967,6096,7101
1995,6096,7101
1807,6096,7101
2121,6096,7101
1710,6096,7101
1762,6096,7101
1843,6096,7101
2089,6096,7101
1834,6096,7101
2049,6096,7101
1863,6096,7101
2207,6096,7101
2359,6096,7101
2333,6096,7101
2333,6096,7101
2183,6096,7101
1974,6096,7101
2055,6096,7101
2485,6096,7101
2261,6096,7101
2349,6096,7101
2207,6096,7101
2419,6096,7101
2165,6096,7101
2545,6096,7101
2071,6096,7101
2552,6096,7101
2233,6096,7101
2267,6096,7101
2697,6096,7101
2473,6096,7101
2574,6096,7101
2524,6096,7101
2631,6096,7101
2390,6096,7101
2757,6096,7101
2281,6096,7101
2398,6096,7101
2479,6096,7101
2777,6096,7101
2470,6096,7101
2685,6096,7101
2852,6096,7101
2710,6096,7101
2843,6096,7101
2681,6096,7101
2969,6096,7101
2612,6096,7101
2610,6096,7101
2691,6096,7101
3081,6096,7101
2897,6096,7101
2913,6096,7101
2757,6096,7101
3055,6096,7101
3233,6096,7101
3181,6096,7101
2660,6096,7101
3162,6096,7101
2903,6096,7101
3044,6096,7101
2978,6096,7101
3109,6096,7101
2923,6096,7101
3267,6096,7101
3380,6096,7101
3275,6096,7101
3393,6096,7101
3204,6096,7101
3102,6096,7101
3115,6096,7101
3565,6096,7101
3216,6096,7101
3321,6096,7101
3632,6096,7101
3479,6096,7101
3552,6096,7101
3435,6096,7101
3605,6096,7101
3351,6096,7101
3246,6096,7101
3327,6096,7101
3678,6096,7101
3480,6096,7101
3533,6096,7101
3347,6096,7101
3691,6096,7101
3764,6096,7101
3686,6096,7101
3817,6096,7101
3510,6096,7101
3824,6096,7101
3539,6096,7101
3748,6096,7101
3614,6096,7101
3745,6096,7101
3592,6096,7101
3903,6096,7101
4055,6096,7101
3989,6096,7101
4029,6096,7101
3840,6096,7101
3670,6096,7101
3751,6096,7101
4076,6096,7101
3957,6096,7101
3965,6096,7101
3890,6096,7101
4115,6096,7101
3770,6096,7101
4149,6096,7101
4241,6096,7101
4039,6096,7101
3963,6096,7101
4025,6096,7101
3954,6096,7101
4169,6096,7101
3983,6096,7101
4327,6096,7101
3970,6096,7101
4453,6096,7101
4453,6096,7101
4408,6096,7101
4175,6096,7101
4395,6096,7101
4263,6096,7101
4381,6096,7101
4195,6096,7101
4539,6096,7101
4678,6096,7101
4612,6096,7101
4665,6096,7101
4387,6096,7101
4306,6096,7101
4387,6096,7101
4764,6096,7101
4593,6096,7101
4655,6096,7101
4539,6096,7101
4751,6096,7101
4497,6096,7101
4877,6096,7101
4440,6096,7101
4766,6096,7101
4599,6096,7101
4599,6096,7101
4590,6096,7101
4805,6096,7101
5103,6096,7101
4961,6096,7101
4963,6096,7101
4879,6096,7101
5089,6096,7101
4758,6096,7101
4730,6096,7101
4811,6096,7101
5201,6096,7101
4802,6096,7101
5017,6096,7101
5197,6096,7101
5015,6096,7101
5175,6096,7101
4934,6096,7101
5301,6096,7101
4851,6096,7101
4942,6096,7101
5023,6096,7101
5440,6096,7101
5229,6096,7101
5258,6096,7101
5136,6096,7101
5387,6096,7101
5565,6096,7101
5447,6096,7101
5513,6096,7101
5337,6096,7101
5154,6096,7101
5235,6096,7101
571,6096,7101
349,6096,7101
465,6096,7101
279,6096,7101
623,6096,7101
762,6096,7101
683,6096,7101
749,6096,7101
547,6096,7101
390,6096,7101
471,6096,7101
811,6096,7101
677,6096,7101
718,6096,7101
675,6096,7101
835,6096,7101
620,6096,7101
961,6096,7101
576,6096,7101
602,6096,7101
683,6096,7101
1113,6096,7101
889,6096,7101
918,6096,7101
874,6096,7101
1047,6096,7101
832,6096,7101
1173,6096,7101
736,6096,7101
814,6096,7101
895,6096,7101
1274,6096,7101
1101,6096,7101
1115,6096,7101
1021,6096,7101
1259,6096,7101
902,6096,7101
1385,6096,7101
1393,6096,7101
1366,6096,7101
1107,6096,7101
1274,6096,7101
1098,6096,7101
1313,6096,7101
1597,6096,7101
1471,6096,7101
1492,6096,7101
1374,6096,7101
1597,6096,7101
1199,6096,7101
1578,6096,7101
1238,6096,7101
1319,6096,7101
1762,6096,7101
1525,6096,7101
1679,6096,7101
1655,6096,7101
1683,6096,7101
1599,6096,7101
1809,6096,7101
1542,6096,7101
1450,6096,7101
1531,6096,7101
1948,6096,7101
1737,6096,7101
1825,6096,7101
1657,6096,7101
1895,6096,7101
1589,6096,7101
2021,6096,7101
1500,6096,7101
1976,6096,7101
1662,6096,7101
1743,6096,7101
2133,6096,7101
1923,6096,7101
1949,6096,7101
1895,6096,7101
2107,6096,7101
1762,6096,7101
2154,6096,7101
2233,6096,7101
2070,6096,7101
1955,6096,7101
1971,6096,7101
1946,6096,7101
2161,6096,7101
2367,6096,7101
2317,6096,7101
2319,6096,7101
2209,6096,7101
2445,6096,7101
1995,6096,7101
2086,6096,7101
2167,6096,7101
2597,6096,7101
2373,6096,7101
2402,6096,7101
2198,6096,7101
2531,6096,7101
2718,6096,7101
2657,6096,7101
2686,6096,7101
2612,6096,7101
2345,6096,7101
2379,6096,7101
2769,6096,7101
2585,6096,7101
2634,6096,7101
2610,6096,7101
2743,6096,7101
2594,6096,7101
2869,6096,7101
2536,6096,7101
2510,6096,7101
2591,6096,7101
2865,6096,7101
2582,6096,7101
2797,6096,7101
3068,6096,7101
2809,6096,7101
2955,6096,7101
2714,6096,7101
3081,6096,7101
2631,6096,7101
2722,6096,7101
2803,6096,7101
3220,6096,7101
2996,6096,7101
3009,6096,7101
2835,6096,7101
3167,6096,7101
3332,6096,7101
3253,6096,7101
3293,6096,7101
3119,6096,7101
2934,6096,7101
3015,6096,7101
3353,6096,7101
3221,6096,7101
3250,6096,7101
3206,6096,7101
3379,6096,7101
3112,6096,7101
3426,6096,7101
3505,6096,7101
3290,6096,7101
3146,6096,7101
3227,6096,7101
3218,6096,7101
3433,6096,7101
3247,6096,7101
3591,6096,7101
3756,6096,7101
3640,6096,7101
3717,6096,7101
3554,6096,7101
3358,6096,7101
3439,6096,7101
3842,6096,7101
3645,6096,7101
3686,6096,7101
3578,6096,7101
3803,6096,7101
3523,6096,7101
3929,6096,7101
3479,6096,7101
3923,6096,7101
3570,6096,7101
3651,6096,7101
3884,6096,7101
3642,6096,7101
3857,6096,7101
3671,6096,7101
4015,6096,7101
4141,6096,7101
4075,6096,7101
4141,6096,7101
4043,6096,7101
3795,6096,7101
3863,6096,7101
4255,6096,7101
4043,6096,7101
4069,6096,7101
3901,6096,7101
4227,6096,7101
3895,6096,7101
4353,6096,7101
4361,6096,7101
4255,6096,7101
3994,6096,7101
4076,6096,7101
4066,6096,7101
4281,6096,7101
4095,6096,7101
4439,6096,7101
4591,6096,7101
4473,6096,7101
4565,6096,7101
4391,6096,7101
4287,6096,7101
4349,6096,7101
4278,6096,7101
4493,6096,7101
4699,6096,7101
4596,6096,7101
4651,6096,7101
4554,6096,7101
4777,6096,7101
4444,6096,7101
4418,6096,7101
4499,6096,7101
4916,6096,7101
4705,6096,7101
4821,6096,7101
4703,6096,7101
4863,6096,7101
4609,6096,7101
4962,6096,7101
4989,6096,7101
4906,6096,7101
4711,6096,7101
4711,6096,7101
5154,6096,7101
4904,6096,7101
4917,6096,7101
4764,6096,7101
5075,6096,7101
5227,6096,7101
5017,6096,7101
5201,6096,7101
4934,6096,7101
4858,6096,7101
4923,6096,7101
5276,6096,7101
4946,6096,7101
5129,6096,7101
4943,6096,7101
5287,6096,7101
5452,6096,7101
5321,6096,7101
5413,6096,7101
5237,6096,7101
5054,6096,7101
5135,6096,7101
5394,6096,7101
5126,6096,7101
5341,6096,7101
5547,6096,7101
235,6096,7101
511,6096,7101
534,6096,7101
375,6096,7101
637,6096,7101
343,6096,7101
313,6096,7101
359,6096,7101
802,6096,7101
565,6096,7101
640,6096,7101
577,6096,7101
723,6096,7101
482,6096,7101
849,6096,7101
412,6096,7101
856,6096,7101
571,6096,7101
725,6096,7101
562,6096,7101
777,6096,7101
985,6096,7101
841,6096,7101
935,6096,7101
838,6096,7101
1061,6096,7101
767,6096,7101
702,6096,7101
783,6096,7101
1213,6096,7101
989,6096,7101
1116,6096,7101
961,6096,7101
1147,6096,7101
919,6096,7101
1273,6096,7101
836,6096,7101
914,6096,7101
995,6096,7101
1293,6096,7101
1201,6096,7101
1201,6096,7101
1134,6096,7101
1359,6096,7101
1092,6096,7101
1485,6096,7101
1022,6096,7101
1492,6096,7101
1207,6096,7101
1309,6096,7101
1198,6096,7101
1413,6096,7101
1684,6096,7101
1569,6096,7101
1573,6096,7101
1542,6096,7101
1697,6096,7101
1521,6096,7101
1419,6096,7101
1448,6096,7101
1410,6096,7101
1625,6096,7101
1885,6096,7101
1741,6096,7101
1783,6096,7101
1555,6096,7101
1896,6096,7101
1909,6096,7101
1694,6096,7101
1631,6096,7101
1639,6096,7101
2034,6096,7101
1824,6096,7101
1837,6096,7101
1783,6096,7101
1995,6096,7101
1728,6096,7101
2121,6096,7101
1645,6096,7101
1867,6096,7101
1762,6096,7101
1843,6096,7101
2286,6096,7101
2049,6096,7101
2124,6096,7101
2061,6096,7101
2207,6096,7101
1994,6096,7101
2333,6096,7101
1922,6096,7101
1974,6096,7101
2055,6096,7101
2445,6096,7101
2261,6096,7101
2274,6096,7101
2168,6096,7101
2419,6096,7101
2113,6096,7101
2545,6096,7101
2561,6096,7101
2460,6096,7101
2186,6096,7101
2267,6096,7101
2644,6096,7101
2420,6096,7101
2473,6096,7101
2320,6096,7101
2631,6096,7101
2796,6096,7101
2652,6096,7101
2757,6096,7101
2581,6096,7101
2479,6096,7101
2568,6096,7101
2470,6096,7101
2685,6096,7101
2930,6096,7101
2843,6096,7101
2864,6096,7101
2864,6096,7101
2969,6096,7101
2832,6096,7101
2691,6096,7101
2793,6096,7101
2682,6096,7101
2897,6096,7101
2913,6096,7101
2711,6096,7101
3055,6096,7101
2710,6096,7101
3181,6096,7101
2691,6096,7101
3149,6096,7101
2903,6096,7101
3136,6096,7101
2905,6096,7101
3109,6096,7101
3315,6096,7101
3068,6096,7101
3267,6096,7101
3079,6096,7101
3393,6096,7101
3047,6096,7101
3047,6096,7101
3115,6096,7101
3106,6096,7101
3321,6096,7101
3516,6096,7101
3319,6096,7101
3479,6096,7101
3212,6096,7101
3605,6096,7101
3115,6096,7101
3560,6096,7101
3268,6096,7101
3327,6096,7101
3691,6096,7101
3533,6096,7101
3562,6096,7101
3466,6096,7101
3691,6096,7101
3398,6096,7101
3817,6096,7101
3864,6096,7101
3693,6096,7101
3539,6096,7101
3568,6096,7101
3530,6096,7101
3745,6096,7101
4031,6096,7101
3903,6096,7101
3924,6096,7101
3793,6096,7101
4029,6096,7101
3696,6096,7101
3670,6096,7101
3751,6096,7101
4168,6096,7101
3957,6096,7101
4019,6096,7101
3864,6096,7101
4115,6096,7101
4241,6096,7101
4112,6096,7101
4241,6096,7101
4039,6096,7101
3963,6096,7101
4025,6096,7101
3954,6096,7101
4169,6096,7101
4480,6096,7101
4327,6096,7101
4361,6096,7101
4230,6096,7101
4453,6096,7101
4055,6096,7101
4462,6096,7101
4175,6096,7101
4251,6096,7101
4166,6096,7101
4381,6096,7101
4665,6096,7101
4539,6096,7101
4562,6096,7101
4508,6096,7101
4665,6096,7101
4411,6096,7101
4306,6096,7101
4387,6096,7101
4712,6096,7101
4412,6096,7101
4593,6096,7101
4904,6096,7101
4751,6096,7101
4839,6096,7101
4680,6096,7101
4877,6096,7101
4572,6096,7101
4553,6096,7101
4599,6096,7101
5016,6096,7101
4610,6096,7101
4805,6096,7101
4619,6096,7101
4963,6096,7101
5102,6096,7101
5036,6096,7101
5089,6096,7101
4952,6096,7101
4730,6096,7101
4811,6096,7101
5214,6096,7101
4964,6096,7101
5017,6096,7101
4897,6096,7101
5175,6096,7101
4818,6096,7101
5301,6096,7101
5317,6096,7101
5192,6096,7101
4942,6096,7101
5023,6096,7101
5164,6096,7101
5014,6096,7101
5229,6096,7101
5043,6096,7101
5387,6096,7101
5030,6096,7101
5513,6096,7101
5556,6096,7101
5507,6096,7101
5235,6096,7101
5442,6096,7101
347,6096,7101
465,6096,7101
776,6096,7101
608,6096,7101
623,6096,7101
448,6096,7101
749,6096,7101
312,6096,7101
390,6096,7101
471,6096,7101
874,6096,7101
677,6096,7101
720,6096,7101
541,6096,7101
835,6096,7101
1013,6096,7101
908,6096,7101
961,6096,7101
772,6096,7101
602,6096,7101
683,6096,7101
1075,6096,7101
863,6096,7101
889,6096,7101
809,6096,7101
1047,6096,7101
715,6096,7101
1173,6096,7101
652,6096,7101
1102,6096,7101
895,6096,7101
903,6096,7101
886,6096,7101
1101,6096,7101
1412,6096,7101
1259,6096,7101
1359,6096,7101
1201,6096,7101
1385,6096,7101
1093,6096,7101
1026,6096,7101
1107,6096,7101
1497,6096,7101
1156,6096,7101
1313,6096,7101
1127,6096,7101
1471,6096,7101
1114,6096,7101
1597,6096,7101
1094,6096,7101
1238,6096,7101
1319,6096,7101
1683,6096,7101
1472,6096,7101
1525,6096,7101
1339,6096,7101
1683,6096,7101
1848,6096,7101
1743,6096,7101
1809,6096,7101
1570,6096,7101
1450,6096,7101
1531,6096,7101
1522,6096,7101
1737,6096,7101
1551,6096,7101
1895,6096,7101
2060,6096,7101
2021,6096,7101
2050,6096,7101
1884,6096,7101
1743,6096,7101
1743,6096,7101
1734,6096,7101
1949,6096,7101
2050,6096,7101
2247,6096,7101
2107,6096,7101
2141,6096,7101
2115,6096,7101
2233,6096,7101
2018,6096,7101
1874,6096,7101
1955,6096,7101
2253,6096,7101
2374,6096,7101
2161,6096,7101
2169,6096,7101
2133,6096,7101
2319,6096,7101
2106,6096,7101
2445,6096,7101
1957,6096,7101
2439,6096,7101
2167,6096,7101
2256,6096,7101
2158,6096,7101
2373,6096,7101
2684,6096,7101
2531,6096,7101
2591,6096,7101
2395,6096,7101
2657,6096,7101
2248,6096,7101
2298,6096,7101
2379,6096,7101
2782,6096,7101
2585,6096,7101
2699,6096,7101
2610,6096,7101
2743,6096,7101
2555,6096,7101
2869,6096,7101
2419,6096,7101
2863,6096,7101
2591,6096,7101
2591,6096,7101
2582,6096,7101
2797,6096,7101
2979,6096,7101
2861,6096,7101
2955,6096,7101
2858,6096,7101
3081,6096,7101
2748,6096,7101
2722,6096,7101
2803,6096,7101
3206,6096,7101
2969,6096,7101
3009,6096,7101
2916,6096,7101
3167,6096,7101
2887,6096,7101
3293,6096,7101
2803,6096,7101
3222,6096,7101
3015,6096,7101
3156,6096,7101
3090,6096,7101
3221,6096,7101
3035,6096,7101
3379,6096,7101
3557,6096,7101
3374,6096,7101
3505,6096,7101
3303,6096,7101
3227,6096,7101
3289,6096,7101
3218,6096,7101
3433,6096,7101
3665,6096,7101
3497,6096,7101
3591,6096,7101
3363,6096,7101
3717,6096,7101
3216,6096,7101
3532,6096,7101
3362,6096,7101
3443,6096,7101
3893,6096,7101
3653,6096,7101
3846,6096,7101
3800,6096,7101
3815,6096,7101
3801,6096,7101
3945,6096,7101
3730,6096,7101
3586,6096,7101
3667,6096,7101
4044,6096,7101
3678,6096,7101
3877,6096,7101
4148,6096,7101
4039,6096,7101
4060,6096,7101
3907,6096,7101
4169,6096,7101
3836,6096,7101
3810,6096,7101
3891,6096,7101
4270,6096,7101
4057,6096,7101
4097,6096,7101
3911,6096,7101
4255,6096,7101
4291,6096,7101
4040,6096,7101
4381,6096,7101
3905,6096,7101
4336,6096,7101
4022,6096,7101
4103,6096,7101
4443,6096,7101
4269,6096,7101
4309,6096,7101
4123,6096,7101
4467,6096,7101
4593,6096,7101
4462,6096,7101
4593,6096,7101
4339,6096,7101
4247,6096,7101
4315,6096,7101
4666,6096,7101
4306,6096,7101
4521,6096,7101
4727,6096,7101
4508,6096,7101
4679,6096,7101
4334,6096,7101
4792,6096,7101
4805,6096,7101
4642,6096,7101
4446,6096,7101
4527,6096,7101
4891,6096,7101
4733,6096,7101
4762,6096,7101
4593,6096,7101
4891,6096,7101
4964,6096,7101
4833,6096,7101
5017,6096,7101
4737,6096,7101
4658,6096,7101
4739,6096,7101
5024,6096,7101
4762,6096,7101
4945,6096,7101
5216,6096,7101
5075,6096,7101
5103,6096,7101
4915,6096,7101
5229,6096,7101
4741,6096,7101
5158,6096,7101
4951,6096,7101
4993,6096,7101
5368,6096,7101
5013,6096,7101
5157,6096,7101
5391,6096,7101
5273,6096,7101
5315,6096,7101
5127,6096,7101
5441,6096,7101
4965,6096,7101
5370,6096,7101
5082,6096,7101
5163,6096,7101
5319,6096,7101
5154,6096,7101
5369,6096,7101
598,6096,7101
456,6096,7101
511,6096,7101
309,6096,7101
637,6096,7101
132,6096,7101
435,6096,7101
278,6096,7101
359,6096,7101
736,6096,7101
350,6096,7101
552,6096,7101
565,6096,7101
379,6096,7101
723,6096,7101
862,6096,7101
692,6096,7101
849,6096,7101
529,6096,7101
490,6096,7101
571,6096,7101
791,6096,7101
562,6096,7101
777,6096,7101
1022,6096,7101
867,6096,7101
935,6096,7101
760,6096,7101
1061,6096,7101
598,6096,7101
1055,6096,7101
783,6096,7101
926,6096,7101
774,6096,7101
989,6096,7101
1208,6096,7101
1027,6096,7101
1147,6096,7101
906,6096,7101
1273,6096,7101
1287,6096,7101
1175,6096,7101
914,6096,7101
995,6096,7101
1228,6096,7101
1031,6096,7101
1201,6096,7101
1472,6096,7101
1359,6096,7101
1380,6096,7101
1288,6096,7101
1485,6096,7101
1126,6096,7101
1126,6096,7101
1207,6096,7101
1545,6096,7101
1269,6096,7101
1413,6096,7101
1658,6096,7101
1398,6096,7101
1571,6096,7101
1280,6096,7101
1670,6096,7101
1697,6096,7101
1521,6096,7101
1338,6096,7101
1419,6096,7101
1744,6096,7101
1410,6096,7101
1625,6096,7101
1846,6096,7101
1768,6096,7101
1783,6096,7101
1647,6096,7101
1909,6096,7101
1537,6096,7101
1550,6096,7101
1631,6096,7101
2021,6096,7101
1837,6096,7101
1938,6096,7101
1770,6096,7101
1995,6096,7101
1676,6096,7101
2121,6096,7101
2121,6096,7101
1932,6096,7101
1762,6096,7101
1843,6096,7101
2209,6096,7101
2049,6096,7101
2078,6096,7101
1883,6096,7101
2207,6096,7101
2320,6096,7101
2123,6096,7101
2333,6096,7101
1961,6096,7101
1974,6096,7101
2055,6096,7101
2340,6096,7101
2046,6096,7101
2261,6096,7101
2480,6096,7101
2220,6096,7101
2419,6096,7101
2113,6096,7101
2518,6096,7101
2545,6096,7101
2408,6096,7101
2239,6096,7101
2267,6096,7101
2592,6096,7101
2381,6096,7101
2473,6096,7101
2287,6096,7101
2631,6096,7101
2665,6096,7101
2573,6096,7101
2757,6096,7101
2503,6096,7101
2445,6096,7101
2479,6096,7101
2882,6096,7101
2685,6096,7101
2812,6096,7101
2710,6096,7101
2843,6096,7101
2498,6096,7101
2944,6096,7101
2969,6096,7101
2793,6096,7101
2610,6096,7101
2691,6096,7101
3057,6096,7101
2682,6096,7101
2897,6096,7101
2944,6096,7101
2711,6096,7101
3055,6096,7101
3102,6096,7101
3011,6096,7101
3181,6096,7101
2861,6096,7101
2822,6096,7101
2903,6096,7101
3254,6096,7101
3030,6096,7101
3109,6096,7101
3420,6096,7101
3212,6096,7101
3267,6096,7101
3052,6096,7101
3393,6096,7101
2903,6096,7101
3308,6096,7101
3115,6096,7101
3177,6096,7101
3558,6096,7101
3321,6096,7101
3321,6096,7101
3152,6096,7101
3479,6096,7101
3644,6096,7101
3539,6096,7101
3605,6096,7101
3429,6096,7101
3281,6096,7101
3327,6096,7101
3770,6096,7101
3533,6096,7101
3647,6096,7101
3427,6096,7101
3691,6096,7101
3878,6096,7101
3568,6096,7101
3817,6096,7101
3432,6096,7101
3458,6096,7101
3539,6096,7101
3942,6096,7101
3745,6096,7101
3774,6096,7101
3559,6096,7101
3903,6096,7101
3937,6096,7101
3780,6096,7101
4029,6096,7101
3566,6096,7101
4023,6096,7101
3751,6096,7101
3971,6096,7101
3742,6096,7101
3957,6096,7101
4113,6096,7101
3771,6096,7101
4115,6096,7101
4201,6096,7101
4110,6096,7101
4241,6096,7101
3974,6096,7101
3882,6096,7101
3963,6096,7101
4353,6096,7101
4169,6096,7101
4198,6096,7101
4029,6096,7101
4327,6096,7101
4400,6096,7101
4230,6096,7101
4453,6096,7101
4094,6096,7101
4094,6096,7101
4175,6096,7101
4552,6096,7101
4381,6096,7101
4482,6096,7101
4366,6096,7101
4539,6096,7101
4272,6096,7101
4665,6096,7101
4675,6096,7101
4424,6096,7101
4306,6096,7101
4387,6096,7101
4686,6096,7101
4529,6096,7101
4593,6096,7101
4407,6096,7101
4751,6096,7101
4864,6096,7101
4733,6096,7101
4877,6096,7101
4570,6096,7101
4518,6096,7101
4599,6096,7101
4832,6096,7101
4976,6096,7101
4726,6096,7101
4805,6096,7101
5103,6096,7101
4856,6096,7101
4963,6096,7101
4735,6096,7101
5089,6096,7101
4581,6096,7101
5044,6096,7101
4811,6096,7101
4939,6096,7101
4802,6096,7101
5017,6096,7101
5210,6096,7101
5081,6096,7101
5175,6096,7101
4869,6096,7101
5274,6096,7101
5301,6096,7101
5164,6096,7101
4942,6096,7101
5023,6096,7101
5308,6096,7101
5014,6096,7101
5229,6096,7101
5435,6096,7101
5319,6096,7101
5387,6096,7101
5133,6096,7101
5513,6096,7101
5003,6096,7101
5455,6096,7101
5154,6096,7101
5235,6096,7101
5614,6096,7101
465,6096,7101
479,6096,7101
372,6096,7101
623,6096,7101
762,6096,7101
644,6096,7101
749,6096,7101
495,6096,7101
390,6096,7101
471,6096,7101
848,6096,7101
653,6096,7101
677,6096,7101
524,6096,7101
835,6096,7101
961,6096,7101
843,6096,7101
961,6096,7101
720,6096,7101
602,6096,7101
683,6096,7101
892,6096,7101
674,6096,7101
889,6096,7101
1069,6096,7101
981,6096,7101
1047,6096,7101
806,6096,7101
1173,6096,7101
697,6096,7101
1115,6096,7101
895,6096,7101
937,6096,7101
1312,6096,7101
1101,6096,7101
1176,6096,7101
1060,6096,7101
1259,6096,7101
953,6096,7101
1385,6096,7101
1397,6096,7101
1157,6096,7101
1026,6096,7101
1107,6096,7101
1458,6096,7101
1098,6096,7101
1313,6096,7101
1480,6096,7101
1325,6096,7101
1471,6096,7101
1230,6096,7101
1597,6096,7101
1134,6096,7101
1447,6096,7101
1238,6096,7101
1319,6096,7101
1501,6096,7101
1657,6096,7101
1310,6096,7101
1525,6096,7101
1525,6096,7101
1339,6096,7101
1683,6096,7101
1756,6096,7101
1560,6096,7101
1809,6096,7101
1413,6096,7101
1450,6096,7101
1531,6096,7101
1895,6096,7101
1711,6096,7101
1737,6096,7101
1597,6096,7101
1895,6096,7101
2008,6096,7101
1903,6096,7101
2021,6096,7101
1740,6096,7101
1662,6096,7101
1743,6096,7101
2148,6096,7101
1949,6096,7101
2037,6096,7101
1908,6096,7101
2107,6096,7101
1814,6096,7101
2233,6096,7101
2274,6096,7101
2122,6096,7101
1874,6096,7101
1955,6096,7101
2306,6096,7101
2135,6096,7101
2161,6096,7101
1986,6096,7101
2319,6096,7101
2353,6096,7101
2235,6096,7101
2445,6096,7101
2099,6096,7101
2086,6096,7101
2167,6096,7101
2557,6096,7101
2360,6096,7101
2373,6096,7101
2187,6096,7101
2531,6096,7101
2578,6096,7101
2421,6096,7101
2657,6096,7101
2259,6096,7101
2651,6096,7101
2379,6096,7101
2455,6096,7101
2809,6096,7101
2585,6096,7101
2614,6096,7101
2447,6096,7101
2743,6096,7101
2386,6096,7101
2764,6096,7101
2869,6096,7101
2575,6096,7101
2510,6096,7101
2591,6096,7101
2994,6096,7101
2797,6096,7101
2826,6096,7101
2704,6096,7101
2955,6096,7101
3068,6096,7101
2924,6096,7101
3081,6096,7101
2827,6096,7101
2722,6096,7101
2803,6096,7101
3180,6096,7101
2956,6096,7101
3009,6096,7101
2834,6096,7101
3167,6096,7101
3280,6096,7101
3175,6096,7101
3293,6096,7101
3012,6096,7101
2934,6096,7101
3015,6096,7101
3405,6096,7101
3221,6096,7101
3283,6096,7101
3055,6096,7101
3379,6096,7101
3531,6096,7101
3374,6096,7101
3505,6096,7101
3211,6096,7101
3146,6096,7101
3227,6096,7101
3617,6096,7101
3433,6096,7101
3474,6096,7101
3340,6096,7101
3591,6096,7101
3756,6096,7101
3586,6096,7101
3717,6096,7101
3397,6096,7101
3358,6096,7101
3439,6096,7101
3842,6096,7101
3645,6096,7101
3733,6096,7101
3565,6096,7101
3803,6096,7101
3942,6096,7101
3719,6096,7101
3929,6096,7101
3583,6096,7101
3570,6096,7101
3651,6096,7101
4028,6096,7101
3791,6096,7101
3857,6096,7101
3671,6096,7101
4015,6096,7101
4062,6096,7101
3813,6096,7101
4151,6096,7101
