# Command line arguments:  -XX:+UseG1GC -Xmx7g  Program arguments:  --gc_once --object_activity 

used memory, total memory, maximum memory
3,256,7168
145,266,7168
182,341,7168
396,1500,7168
711,1500,7168
498,2651,7168
652,2651,7168
1091,2651,7168
1458,2651,7168
985,2664,7168
1423,2664,7168
1224,2665,7168
1637,2665,7168
1630,2675,7168
1762,2684,7168
1769,2699,7168
1753,2708,7168
1801,2708,7168
1812,2716,7168
1754,2717,7168
1820,2741,7168
1897,2851,7168
1944,2980,7168
2059,3095,7168
2086,3151,7168
2136,3202,7168
2069,3209,7168
2121,3215,7168
2151,3288,7168
2191,3369,7168
2263,3405,7168
2226,3435,7168
2271,3444,7168
2231,3507,7168
2364,3555,7168
2464,3692,7168
2501,3799,7168
2552,3899,7168
2555,4001,7168
2604,4107,7168
2739,4226,7168
2883,4322,7168
2806,4448,7168
2887,4576,7168
2972,4699,7168
3107,4720,7168
3043,4826,7168
3304,4949,7168
3276,5088,7168
3353,5223,7168
3468,5253,7168
3481,5265,7168
3502,5283,7168
3383,5363,7168
3424,5363,7168
3510,5495,7168
3674,5646,7168
3745,5793,7168
3811,5963,7168
4073,6104,7168
3967,6133,7168
4093,6190,7168
3993,6298,7168
4158,6313,7168
4177,6331,7168
4219,6370,7168
4283,6427,7168
4083,6467,7168
0,8,7168
249,388,7168
36,802,7168
336,1604,7168
477,1604,7168
514,1604,7168
551,1604,7168
776,1604,7168
995,1604,7168
216,2727,7168
236,2727,7168
246,2727,7168
264,2727,7168
372,2727,7168
416,2727,7168
476,2727,7168
665,2727,7168
865,2727,7168
221,3616,7168
249,3616,7168
294,3616,7168
301,3616,7168
433,3616,7168
600,3616,7168
847,3616,7168
891,3616,7168
907,3616,7168
1009,3616,7168
1051,3616,7168
1066,3616,7168
1088,3616,7168
1119,3616,7168
1196,3616,7168
1434,3616,7168
1561,3616,7168
1571,3616,7168
1671,3616,7168
1724,3616,7168
1739,3616,7168
1900,3616,7168
2014,3616,7168
2225,3616,7168
2232,3616,7168
2356,3616,7168
2423,3616,7168
76,4332,7168
177,4332,7168
289,4332,7168
386,4332,7168
428,4332,7168
439,4332,7168
455,4332,7168
499,4332,7168
503,4332,7168
745,4332,7168
920,4332,7168
947,4332,7168
962,4332,7168
978,4332,7168
1121,4332,7168
1149,4332,7168
1173,4332,7168
1179,4332,7168
1397,4332,7168
180,4332,7168
371,4332,7168
482,4332,7168
497,4332,7168
657,4332,7168
789,4332,7168
1033,4332,7168
1167,4332,7168
1173,4332,7168
1345,4332,7168
1620,4332,7168
1649,4332,7168
1653,4332,7168
1807,4332,7168
1836,4332,7168
1838,4332,7168
1981,4332,7168
2272,4332,7168
2508,4332,7168
2577,4332,7168
2624,4332,7168
2628,4332,7168
2645,4332,7168
2770,4332,7168
2856,4332,7168
2875,4332,7168
2888,4332,7168
2906,4332,7168
2921,4332,7168
351,4342,7168
370,4342,7168
511,4342,7168
762,4342,7168
1021,4342,7168
1049,4342,7168
1133,4342,7168
1148,4342,7168
1197,4342,7168
1350,4342,7168
131,4342,7168
324,4342,7168
394,4342,7168
617,4342,7168
872,4342,7168
1030,4342,7168
1065,4342,7168
1099,4342,7168
1304,4342,7168
1319,4342,7168
1476,4342,7168
1625,4342,7168
1649,4342,7168
1735,4342,7168
1735,4342,7168
1862,4342,7168
1992,4342,7168
2038,4342,7168
2113,4342,7168
2120,4342,7168
2133,4342,7168
2148,4342,7168
2163,4342,7168
2301,4342,7168
2406,4342,7168
2467,4342,7168
2598,4342,7168
2834,4342,7168
220,4358,7168
272,4358,7168
282,4358,7168
361,4358,7168
507,4358,7168
692,4358,7168
942,4358,7168
952,4358,7168
1034,4358,7168
1258,4358,7168
148,4358,7168
172,4358,7168
287,4358,7168
337,4358,7168
480,4358,7168
678,4358,7168
931,4358,7168
1008,4358,7168
1024,4358,7168
1144,4358,7168
1233,4358,7168
1335,4358,7168
1469,4358,7168
1637,4358,7168
1678,4358,7168
1825,4358,7168
2029,4358,7168
2089,4358,7168
2291,4358,7168
2322,4358,7168
2349,4358,7168
2418,4358,7168
2557,4358,7168
2833,4358,7168
231,4362,7168
288,4362,7168
530,4362,7168
652,4362,7168
768,4362,7168
902,4362,7168
939,4362,7168
1052,4362,7168
1251,4362,7168
1409,4362,7168
229,4362,7168
308,4362,7168
485,4362,7168
590,4362,7168
710,4362,7168
714,4362,7168
781,4362,7168
979,4362,7168
1006,4362,7168
1254,4362,7168
1510,4362,7168
1649,4362,7168
1679,4362,7168
1839,4362,7168
2047,4362,7168
2291,4362,7168
2319,4362,7168
2435,4362,7168
2620,4362,7168
2816,4362,7168
206,4369,7168
209,4369,7168
437,4369,7168
701,4369,7168
879,4369,7168
879,4369,7168
1078,4369,7168
1225,4369,7168
167,4369,7168
246,4369,7168
291,4369,7168
709,4369,7168
962,4369,7168
1091,4369,7168
1375,4369,7168
1554,4369,7168
1632,4369,7168
1743,4369,7168
1997,4369,7168
2079,4369,7168
2285,4369,7168
2303,4369,7168
2550,4369,7168
2669,4369,7168
2872,4369,7168
2973,4369,7168
92,4376,7168
119,4376,7168
354,4376,7168
554,4376,7168
660,4376,7168
734,4376,7168
835,4376,7168
967,4376,7168
1110,4376,7168
1266,4376,7168
1330,4376,7168
36,4376,7168
186,4376,7168
413,4376,7168
531,4376,7168
590,4376,7168
704,4376,7168
942,4376,7168
1008,4376,7168
1232,4376,7168
1261,4376,7168
1454,4376,7168
1639,4376,7168
1797,4376,7168
1876,4376,7168
1931,4376,7168
2068,4376,7168
2106,4376,7168
2142,4376,7168
2352,4376,7168
2474,4376,7168
2602,4376,7168
2608,4376,7168
2623,4376,7168
2682,4376,7168
2867,4376,7168
148,4400,7168
388,4400,7168
444,4400,7168
584,4400,7168
801,4400,7168
1050,4400,7168
1059,4400,7168
1265,4400,7168
124,4400,7168
271,4400,7168
405,4400,7168
549,4400,7168
886,4400,7168
1075,4400,7168
1215,4400,7168
1471,4400,7168
1632,4400,7168
1745,4400,7168
1798,4400,7168
2120,4400,7168
2311,4400,7168
2416,4400,7168
2609,4400,7168
2910,4400,7168
254,4413,7168
365,4413,7168
757,4413,7168
924,4413,7168
957,4413,7168
1025,4413,7168
1212,4413,7168
1417,4413,7168
262,4413,7168
312,4413,7168
602,4413,7168
895,4413,7168
983,4413,7168
1222,4413,7168
1316,4413,7168
1535,4413,7168
1653,4413,7168
1694,4413,7168
1976,4413,7168
2193,4413,7168
2323,4413,7168
2470,4413,7168
2673,4413,7168
2922,4413,7168
2994,4413,7168
269,4437,7168
536,4437,7168
549,4437,7168
643,4437,7168
645,4437,7168
842,4437,7168
1057,4437,7168
1241,4437,7168
1316,4437,7168
1387,4437,7168
1447,4437,7168
75,4437,7168
175,4437,7168
464,4437,7168
569,4437,7168
571,4437,7168
788,4437,7168
1048,4437,7168
1239,4437,7168
1402,4437,7168
1571,4437,7168
1802,4437,7168
1910,4437,7168
1920,4437,7168
2072,4437,7168
2212,4437,7168
2268,4437,7168
2411,4437,7168
2580,4437,7168
2629,4437,7168
2757,4437,7168
2826,4437,7168
2887,4437,7168
2991,4437,7168
339,4447,7168
351,4447,7168
542,4447,7168
729,4447,7168
940,4447,7168
1022,4447,7168
1105,4447,7168
1197,4447,7168
1406,4447,7168
241,4447,7168
368,4447,7168
469,4447,7168
796,4447,7168
1039,4447,7168
1248,4447,7168
1375,4447,7168
1617,4447,7168
1709,4447,7168
1759,4447,7168
1858,4447,7168
2122,4447,7168
2266,4447,7168
2380,4447,7168
2445,4447,7168
2561,4447,7168
2758,4447,7168
209,4457,7168
227,4457,7168
371,4457,7168
596,4457,7168
879,4457,7168
906,4457,7168
1085,4457,7168
1107,4457,7168
1378,4457,7168
271,4457,7168
288,4457,7168
299,4457,7168
465,4457,7168
683,4457,7168
849,4457,7168
942,4457,7168
1060,4457,7168
1357,4457,7168
1579,4457,7168
1612,4457,7168
1680,4457,7168
1849,4457,7168
2129,4457,7168
2283,4457,7168
2365,4457,7168
2565,4457,7168
2867,4457,7168
2953,4457,7168
66,4475,7168
111,4475,7168
113,4475,7168
116,4475,7168
118,4475,7168
126,4475,7168
285,4475,7168
483,4475,7168
600,4475,7168
718,4475,7168
894,4475,7168
1001,4475,7168
1113,4475,7168
1268,4475,7168
1270,4475,7168
1408,4475,7168
1461,4475,7168
198,4475,7168
428,4475,7168
529,4475,7168
662,4475,7168
905,4475,7168
1088,4475,7168
1199,4475,7168
1251,4475,7168
1458,4475,7168
1522,4475,7168
1614,4475,7168
1740,4475,7168
1859,4475,7168
1870,4475,7168
1999,4475,7168
2027,4475,7168
2036,4475,7168
2045,4475,7168
2060,4475,7168
2076,4475,7168
2091,4475,7168
2178,4475,7168
2327,4475,7168
2479,4475,7168
2540,4475,7168
2667,4475,7168
2769,4475,7168
2889,4475,7168
3020,4475,7168
300,4496,7168
307,4496,7168
418,4496,7168
528,4496,7168
625,4496,7168
926,4496,7168
971,4496,7168
1144,4496,7168
1329,4496,7168
172,4496,7168
325,4496,7168
327,4496,7168
441,4496,7168
826,4496,7168
996,4496,7168
1180,4496,7168
1437,4496,7168
1558,4496,7168
1648,4496,7168
1666,4496,7168
1789,4496,7168
1905,4496,7168
1985,4496,7168
2047,4496,7168
2198,4496,7168
2257,4496,7168
2330,4496,7168
2336,4496,7168
2446,4496,7168
2544,4496,7168
2674,4496,7168
2789,4496,7168
2919,4496,7168
3007,4496,7168
44,4513,7168
304,4513,7168
528,4513,7168
618,4513,7168
687,4513,7168
877,4513,7168
998,4513,7168
1168,4513,7168
1289,4513,7168
1295,4513,7168
1402,4513,7168
75,4513,7168
194,4513,7168
419,4513,7168
533,4513,7168
683,4513,7168
907,4513,7168
1126,4513,7168
1204,4513,7168
1476,4513,7168
1535,4513,7168
1707,4513,7168
1828,4513,7168
1852,4513,7168
1874,4513,7168
2050,4513,7168
2175,4513,7168
2314,4513,7168
2443,4513,7168
2544,4513,7168
2568,4513,7168
2766,4513,7168
2997,4513,7168
170,4540,7168
282,4540,7168
404,4540,7168
646,4540,7168
811,4540,7168
952,4540,7168
1083,4540,7168
1244,4540,7168
169,4540,7168
302,4540,7168
357,4540,7168
728,4540,7168
973,4540,7168
1128,4540,7168
1434,4540,7168
1641,4540,7168
1643,4540,7168
1878,4540,7168
1905,4540,7168
2118,4540,7168
2272,4540,7168
2279,4540,7168
2295,4540,7168
2314,4540,7168
2379,4540,7168
2553,4540,7168
2721,4540,7168
2879,4540,7168
2984,4540,7168
2996,4540,7168
116,4567,7168
253,4567,7168
433,4567,7168
576,4567,7168
725,4567,7168
921,4567,7168
1069,4567,7168
1247,4567,7168
1286,4567,7168
1469,4567,7168
299,4567,7168
492,4567,7168
683,4567,7168
1002,4567,7168
1163,4567,7168
1169,4567,7168
1479,4567,7168
1590,4567,7168
1693,4567,7168
1824,4567,7168
1833,4567,7168
2004,4567,7168
2037,4567,7168
2101,4567,7168
2178,4567,7168
2247,4567,7168
2334,4567,7168
2436,4567,7168
2482,4567,7168
2503,4567,7168
2595,4567,7168
2685,4567,7168
2789,4567,7168
2897,4567,7168
2943,4567,7168
2959,4567,7168
3082,4567,7168
3097,4567,7168
3114,4567,7168
231,4588,7168
381,4588,7168
464,4588,7168
570,4588,7168
776,4588,7168
902,4588,7168
1022,4588,7168
1222,4588,7168
1262,4588,7168
1401,4588,7168
218,4588,7168
257,4588,7168
523,4588,7168
765,4588,7168
928,4588,7168
1005,4588,7168
1292,4588,7168
1362,4588,7168
1536,4588,7168
1598,4588,7168
1727,4588,7168
1818,4588,7168
2004,4588,7168
2253,4588,7168
2268,4588,7168
2340,4588,7168
2452,4588,7168
2514,4588,7168
2715,4588,7168
2906,4588,7168
2939,4588,7168
3006,4588,7168
3066,4588,7168
91,4589,7168
353,4589,7168
535,4589,7168
556,4589,7168
705,4589,7168
810,4589,7168
1078,4589,7168
1203,4589,7168
1205,4589,7168
1358,4589,7168
1471,4589,7168
96,4589,7168
107,4589,7168
393,4589,7168
461,4589,7168
590,4589,7168
733,4589,7168
988,4589,7168
1131,4589,7168
1174,4589,7168
1386,4589,7168
1552,4589,7168
1723,4589,7168
1802,4589,7168
1823,4589,7168
1975,4589,7168
2076,4589,7168
2120,4589,7168
2241,4589,7168
2393,4589,7168
2472,4589,7168
2474,4589,7168
2482,4589,7168
2504,4589,7168
2642,4589,7168
2751,4589,7168
2878,4589,7168
3074,4589,7168
209,4590,7168
274,4590,7168
546,4590,7168
841,4590,7168
879,4590,7168
929,4590,7168
1059,4590,7168
1223,4590,7168
1441,4590,7168
195,4590,7168
243,4590,7168
399,4590,7168
433,4590,7168
653,4590,7168
772,4590,7168
913,4590,7168
951,4590,7168
1245,4590,7168
1359,4590,7168
1504,4590,7168
1584,4590,7168
1635,4590,7168
1730,4590,7168
1803,4590,7168
1895,4590,7168
1971,4590,7168
2043,4590,7168
2146,4590,7168
2254,4590,7168
2299,4590,7168
2389,4590,7168
2482,4590,7168
2599,4590,7168
2751,4590,7168
2766,4590,7168
2856,4590,7168
2924,4590,7168
2965,4590,7168
3124,4590,7168
244,4606,7168
398,4606,7168
488,4606,7168
517,4606,7168
747,4606,7168
947,4606,7168
1063,4606,7168
1187,4606,7168
1189,4606,7168
1418,4606,7168
1479,4606,7168
104,4606,7168
182,4606,7168
443,4606,7168
462,4606,7168
751,4606,7168
918,4606,7168
1107,4606,7168
1114,4606,7168
1368,4606,7168
1544,4606,7168
1673,4606,7168
1762,4606,7168
1784,4606,7168
1983,4606,7168
2182,4606,7168
2305,4606,7168
2386,4606,7168
2455,4606,7168
2495,4606,7168
2700,4606,7168
2865,4606,7168
3075,4606,7168
3125,4606,7168
10,4616,7168
255,4616,7168
496,4616,7168
538,4616,7168
611,4616,7168
650,4616,7168
810,4616,7168
1006,4616,7168
1196,4616,7168
1321,4616,7168
1327,4616,7168
66,4616,7168
147,4616,7168
253,4616,7168
267,4616,7168
350,4616,7168
477,4616,7168
504,4616,7168
530,4616,7168
685,4616,7168
853,4616,7168
1009,4616,7168
1146,4616,7168
1201,4616,7168
1367,4616,7168
1488,4616,7168
1601,4616,7168
1709,4616,7168
1770,4616,7168
1843,4616,7168
1871,4616,7168
2020,4616,7168
2183,4616,7168
2330,4616,7168
2474,4616,7168
2542,4616,7168
2668,4616,7168
2880,4616,7168
2979,4616,7168
2983,4616,7168
3021,4616,7168
3120,4616,7168
236,4633,7168
302,4633,7168
527,4633,7168
844,4633,7168
906,4633,7168
1054,4633,7168
1138,4633,7168
1378,4633,7168
236,4633,7168
250,4633,7168
426,4633,7168
691,4633,7168
695,4633,7168
864,4633,7168
919,4633,7168
1224,4633,7168
1422,4633,7168
1585,4633,7168
1589,4633,7168
1700,4633,7168
1761,4633,7168
1844,4633,7168
1991,4633,7168
2223,4633,7168
2260,4633,7168
2364,4633,7168
2457,4633,7168
2658,4633,7168
2761,4633,7168
2882,4633,7168
2930,4633,7168
2987,4633,7168
3080,4633,7168
84,4654,7168
300,4654,7168
498,4654,7168
513,4654,7168
830,4654,7168
1109,4654,7168
1169,4654,7168
1311,4654,7168
1436,4654,7168
117,4654,7168
299,4654,7168
420,4654,7168
478,4654,7168
923,4654,7168
1090,4654,7168
1349,4654,7168
1574,4654,7168
1622,4654,7168
1748,4654,7168
1761,4654,7168
1890,4654,7168
2029,4654,7168
2180,4654,7168
2385,4654,7168
2431,4654,7168
2505,4654,7168
2657,4654,7168
2822,4654,7168
2956,4654,7168
3102,4654,7168
3154,4654,7168
191,4670,7168
374,4670,7168
515,4670,7168
609,4670,7168
639,4670,7168
890,4670,7168
1145,4670,7168
1280,4670,7168
1324,4670,7168
1437,4670,7168
89,4670,7168
100,4670,7168
168,4670,7168
268,4670,7168
449,4670,7168
491,4670,7168
638,4670,7168
864,4670,7168
1014,4670,7168
1144,4670,7168
1161,4670,7168
1302,4670,7168
1486,4670,7168
1737,4670,7168
1832,4670,7168
1893,4670,7168
2130,4670,7168
2397,4670,7168
2502,4670,7168
2583,4670,7168
2865,4670,7168
3054,4670,7168
3173,4670,7168
76,4686,7168
272,4686,7168
592,4686,7168
650,4686,7168
731,4686,7168
999,4686,7168
1257,4686,7168
1321,4686,7168
1342,4686,7168
73,4686,7168
92,4686,7168
103,4686,7168
110,4686,7168
347,4686,7168
514,4686,7168
520,4686,7168
742,4686,7168
998,4686,7168
1185,4686,7168
1230,4686,7168
1333,4686,7168
1531,4686,7168
1718,4686,7168
1855,4686,7168
1902,4686,7168
2118,4686,7168
2310,4686,7168
2451,4686,7168
2526,4686,7168
2613,4686,7168
2802,4686,7168
2956,4686,7168
3097,4686,7168
3196,4686,7168
43,4700,7168
232,4700,7168
537,4700,7168
660,4700,7168
849,4700,7168
1074,4700,7168
1330,4700,7168
1404,4700,7168
90,4700,7168
516,4700,7168
541,4700,7168
931,4700,7168
1186,4700,7168
1397,4700,7168
1511,4700,7168
1791,4700,7168
1857,4700,7168
1987,4700,7168
2208,4700,7168
2386,4700,7168
2527,4700,7168
2643,4700,7168
2894,4700,7168
3176,4700,7168
3197,4700,7168
240,4712,7168
600,4712,7168
655,4712,7168
896,4712,7168
1181,4712,7168
1325,4712,7168
1412,4712,7168
91,4712,7168
238,4712,7168
511,4712,7168
549,4712,7168
842,4712,7168
1181,4712,7168
1270,4712,7168
1631,4712,7168
1710,4712,7168
1813,4712,7168
1851,4712,7168
1963,4712,7168
2070,4712,7168
2253,4712,7168
2447,4712,7168
2522,4712,7168
2528,4712,7168
2532,4712,7168
2560,4712,7168
2671,4712,7168
2710,4712,7168
2820,4712,7168
2896,4712,7168
2950,4712,7168
3025,4712,7168
3135,4712,7168
3192,4712,7168
128,4724,7168
383,4724,7168
544,4724,7168
645,4724,7168
835,4724,7168
1079,4724,7168
1230,4724,7168
1316,4724,7168
1524,4724,7168
124,4724,7168
259,4724,7168
405,4724,7168
502,4724,7168
579,4724,7168
747,4724,7168
800,4724,7168
893,4724,7168
1025,4724,7168
1172,4724,7168
1182,4724,7168
1369,4724,7168
1563,4724,7168
1672,4724,7168
1722,4724,7168
1809,4724,7168
1843,4724,7168
1910,4724,7168
1925,4724,7168
1936,4724,7168
1950,4724,7168
1965,4724,7168
2069,4724,7168
2097,4724,7168
2163,4724,7168
2300,4724,7168
2436,4724,7168
2513,4724,7168
2537,4724,7168
2576,4724,7168
2592,4724,7168
2660,4724,7168
2728,4724,7168
2846,4724,7168
3003,4724,7168
3135,4724,7168
3183,4724,7168
27,4731,7168
313,4731,7168
590,4731,7168
637,4731,7168
647,4731,7168
688,4731,7168
809,4731,7168
1018,4731,7168
1050,4731,7168
1274,4731,7168
1307,4731,7168
1548,4731,7168
111,4731,7168
328,4731,7168
495,4731,7168
521,4731,7168
639,4731,7168
796,4731,7168
959,4731,7168
1113,4731,7168
1165,4731,7168
1264,4731,7168
1365,4731,7168
1484,4731,7168
1690,4731,7168
1836,4731,7168
1947,4731,7168
2119,4731,7168
2275,4731,7168
2506,4731,7168
2560,4731,7168
2706,4731,7168
2979,4731,7168
3177,4731,7168
3231,4731,7168
209,4740,7168
451,4740,7168
627,4740,7168
748,4740,7168
1018,4740,7168
1226,4740,7168
1297,4740,7168
1548,4740,7168
275,4740,7168
407,4740,7168
486,4740,7168
807,4740,7168
1156,4740,7168
1166,4740,7168
1515,4740,7168
1715,4740,7168
1827,4740,7168
1915,4740,7168
2089,4740,7168
2192,4740,7168
2385,4740,7168
2497,4740,7168
2507,4740,7168
2686,4740,7168
2829,4740,7168
2908,4740,7168
3120,4740,7168
3168,4740,7168
3174,4740,7168
85,4756,7168
376,4756,7168
508,4756,7168
611,4756,7168
613,4756,7168
643,4756,7168
775,4756,7168
1021,4756,7168
1227,4756,7168
1284,4756,7168
1347,4756,7168
1562,4756,7168
174,4756,7168
270,4756,7168
421,4756,7168
440,4756,7168
473,4756,7168
607,4756,7168
746,4756,7168
985,4756,7168
1142,4756,7168
1144,4756,7168
1394,4756,7168
1554,4756,7168
1642,4756,7168
1739,4756,7168
1770,4756,7168
1814,4756,7168
1835,4756,7168
1877,4756,7168
1956,4756,7168
2046,4756,7168
2130,4756,7168
2228,4756,7168
2295,4756,7168
2372,4756,7168
2478,4756,7168
2484,4756,7168
2646,4756,7168
2759,4756,7168
2851,4756,7168
2928,4756,7168
3005,4756,7168
3089,4756,7168
3155,4756,7168
3219,4756,7168
256,4757,7168
518,4757,7168
604,4757,7168
753,4757,7168
879,4757,7168
1107,4757,7168
1275,4757,7168
1299,4757,7168
1547,4757,7168
305,4757,7168
468,4757,7168
658,4757,7168
1123,4757,7168
1139,4757,7168
1434,4757,7168
1615,4757,7168
1660,4757,7168
1679,4757,7168
1801,4757,7168
1809,4757,7168
1903,4757,7168
2037,4757,7168
2171,4757,7168
2255,4757,7168
2389,4757,7168
2479,4757,7168
2556,4757,7168
2687,4757,7168
2787,4757,7168
2866,4757,7168
2978,4757,7168
3035,4757,7168
3128,4757,7168
3150,4757,7168
93,4778,7168
395,4778,7168
590,4778,7168
669,4778,7168
860,4778,7168
1069,4778,7168
1261,4778,7168
1280,4778,7168
1493,4778,7168
361,4778,7168
451,4778,7168
704,4778,7168
1122,4778,7168
1182,4778,7168
1562,4778,7168
1691,4778,7168
1792,4778,7168
1866,4778,7168
1942,4778,7168
2074,4778,7168
2273,4778,7168
2460,4778,7168
2462,4778,7168
2638,4778,7168
2682,4778,7168
2836,4778,7168
3041,4778,7168
3133,4778,7168
3185,4778,7168
180,4793,7168
358,4793,7168
572,4793,7168
619,4793,7168
801,4793,7168
1062,4793,7168
1242,4793,7168
1290,4793,7168
1495,4793,7168
369,4793,7168
437,4793,7168
682,4793,7168
1107,4793,7168
1117,4793,7168
1458,4793,7168
1615,4793,7168
1620,4793,7168
1653,4793,7168
1769,4793,7168
1777,4793,7168
1931,4793,7168
2089,4793,7168
2197,4793,7168
2332,4793,7168
2403,4793,7168
2448,4793,7168
2555,4793,7168
2634,4793,7168
2641,4793,7168
2683,4793,7168
2793,4793,7168
2885,4793,7168
2896,4793,7168
2912,4793,7168
2927,4793,7168
3095,4793,7168
3119,4793,7168
3248,4793,7168
243,4820,7168
463,4820,7168
549,4820,7168
683,4820,7168
843,4820,7168
1173,4820,7168
1220,4820,7168
1339,4820,7168
1472,4820,7168
285,4820,7168
415,4820,7168
508,4820,7168
808,4820,7168
1085,4820,7168
1236,4820,7168
1500,4820,7168
1617,4820,7168
1727,4820,7168
1755,4820,7168
1876,4820,7168
2030,4820,7168
2179,4820,7168
2241,4820,7168
2246,4820,7168
2327,4820,7168
2426,4820,7168
2432,4820,7168
2470,4820,7168
2537,4820,7168
2551,4820,7168
2566,4820,7168
2581,4820,7168
2640,4820,7168
2777,4820,7168
2896,4820,7168
2973,4820,7168
3050,4820,7168
3096,4820,7168
3190,4820,7168
3267,4820,7168
235,4836,7168
526,4836,7168
543,4836,7168
854,4836,7168
1089,4836,7168
1196,4836,7168
1299,4836,7168
1416,4836,7168
139,4836,7168
240,4836,7168
326,4836,7168
397,4836,7168
431,4836,7168
572,4836,7168
662,4836,7168
790,4836,7168
838,4836,7168
852,4836,7168
944,4836,7168
984,4836,7168
999,4836,7168
1014,4836,7168
1067,4836,7168
1205,4836,7168
1469,4836,7168
1683,4836,7168
1738,4836,7168
1825,4836,7168
1957,4836,7168
2023,4836,7168
2144,4836,7168
2232,4836,7168
2287,4836,7168
2393,4836,7168
2408,4836,7168
2469,4836,7168
2479,4836,7168
2491,4836,7168
2506,4836,7168
2522,4836,7168
2548,4836,7168
2645,4836,7168
2803,4836,7168
2960,4836,7168
3079,4836,7168
3091,4836,7168
3294,4836,7168
331,4849,7168
508,4849,7168
514,4849,7168
701,4849,7168
903,4849,7168
954,4849,7168
1178,4849,7168
1195,4849,7168
1305,4849,7168
1441,4849,7168
1565,4849,7168
156,4849,7168
354,4849,7168
382,4849,7168
469,4849,7168
517,4849,7168
546,4849,7168
780,4849,7168
948,4849,7168
1052,4849,7168
1161,4849,7168
1333,4849,7168
1540,4849,7168
1617,4849,7168
1723,4849,7168
1746,4849,7168
1785,4849,7168
1867,4849,7168
1955,4849,7168
2032,4849,7168
2065,4849,7168
2118,4849,7168
2312,4849,7168
2393,4849,7168
2429,4849,7168
2551,4849,7168
2718,4849,7168
2777,4849,7168
2820,4849,7168
2894,4849,7168
2932,4849,7168
2945,4849,7168
2960,4849,7168
3048,4849,7168
3063,4849,7168
3250,4849,7168
226,4866,7168
487,4866,7168
489,4866,7168
717,4866,7168
937,4866,7168
1109,4866,7168
1159,4866,7168
1165,4866,7168
1176,4866,7168
1207,4866,7168
1454,4866,7168
180,4866,7168
364,4866,7168
366,4866,7168
405,4866,7168
603,4866,7168
876,4866,7168
1034,4866,7168
1084,4866,7168
1307,4866,7168
1529,4866,7168
1617,4866,7168
1705,4866,7168
1705,4866,7168
1779,4866,7168
1868,4866,7168
1999,4866,7168
2043,4866,7168
2135,4866,7168
2226,4866,7168
2325,4866,7168
2375,4866,7168
2471,4866,7168
2537,4866,7168
2674,4866,7168
2736,4866,7168
2779,4866,7168
2865,4866,7168
2880,4866,7168
2894,4866,7168
2909,4866,7168
2925,4866,7168
2940,4866,7168
3045,4866,7168
3058,4866,7168
3229,4866,7168
176,4879,7168
332,4879,7168
471,4879,7168
545,4879,7168
725,4879,7168
875,4879,7168
943,4879,7168
954,4879,7168
970,4879,7168
1129,4879,7168
1141,4879,7168
1252,4879,7168
1257,4879,7168
1264,4879,7168
1279,4879,7168
1294,4879,7168
1428,4879,7168
217,4879,7168
350,4879,7168
433,4879,7168
622,4879,7168
760,4879,7168
935,4879,7168
987,4879,7168
1020,4879,7168
1081,4879,7168
1295,4879,7168
1457,4879,7168
1514,4879,7168
1613,4879,7168
1690,4879,7168
1718,4879,7168
1782,4879,7168
1846,4879,7168
1971,4879,7168
2134,4879,7168
2183,4879,7168
2198,4879,7168
2319,4879,7168
2361,4879,7168
2389,4879,7168
2571,4879,7168
2657,4879,7168
2697,4879,7168
2767,4879,7168
2899,4879,7168
2937,4879,7168
2986,4879,7168
3016,4879,7168
3031,4879,7168
3165,4879,7168
3273,4879,7168
96,4897,7168
325,4897,7168
452,4897,7168
612,4897,7168
889,4897,7168
1068,4897,7168
1123,4897,7168
1311,4897,7168
1547,4897,7168
1599,4897,7168
157,4897,7168
276,4897,7168
335,4897,7168
475,4897,7168
519,4897,7168
749,4897,7168
930,4897,7168
1005,4897,7168
1126,4897,7168
1350,4897,7168
1570,4897,7168
1667,4897,7168
1675,4897,7168
1767,4897,7168
1847,4897,7168
1974,4897,7168
2053,4897,7168
2146,4897,7168
2150,4897,7168
2238,4897,7168
2294,4897,7168
2346,4897,7168
2449,4897,7168
2596,4897,7168
2655,4897,7168
2697,4897,7168
2713,4897,7168
2798,4897,7168
2905,4897,7168
3016,4897,7168
3048,4897,7168
3205,4897,7168
3317,4897,7168
258,4904,7168
438,4904,7168
563,4904,7168
823,4904,7168
1041,4904,7168
1109,4904,7168
1280,4904,7168
1377,4904,7168
1553,4904,7168
200,4904,7168
217,4904,7168
322,4904,7168
322,4904,7168
504,4904,7168
614,4904,7168
740,4904,7168
888,4904,7168
992,4904,7168
1100,4904,7168
1353,4904,7168
1516,4904,7168
1645,4904,7168
1663,4904,7168
1819,4904,7168
1975,4904,7168
2135,4904,7168
2241,4904,7168
2333,4904,7168
2339,4904,7168
2350,4904,7168
2523,4904,7168
2652,4904,7168
2727,4904,7168
2848,4904,7168
2964,4904,7168
3004,4904,7168
3104,4904,7168
3258,4904,7168
143,4925,7168
420,4925,7168
432,4925,7168
579,4925,7168
824,4925,7168
958,4925,7168
1090,4925,7168
1181,4925,7168
1320,4925,7168
1503,4925,7168
304,4925,7168
311,4925,7168
411,4925,7168
466,4925,7168
696,4925,7168
823,4925,7168
975,4925,7168
1045,4925,7168
1126,4925,7168
1326,4925,7168
1533,4925,7168
1645,4925,7168
1721,4925,7168
1845,4925,7168
1959,4925,7168
2078,4925,7168
2162,4925,7168
2261,4925,7168
2315,4925,7168
2348,4925,7168
2442,4925,7168
2614,4925,7168
2690,4925,7168
2730,4925,7168
2862,4925,7168
2951,4925,7168
2966,4925,7168
2986,4925,7168
3166,4925,7168
128,4947,7168
397,4947,7168
397,4947,7168
607,4947,7168
812,4947,7168
1004,4947,7168
1068,4947,7168
1221,4947,7168
1393,4947,7168
1587,4947,7168
285,4947,7168
291,4947,7168
575,4947,7168
828,4947,7168
955,4947,7168
1023,4947,7168
1254,4947,7168
1377,4947,7168
1564,4947,7168
1626,4947,7168
1693,4947,7168
1754,4947,7168
1843,4947,7168
1937,4947,7168
2030,4947,7168
2109,4947,7168
2153,4947,7168
2250,4947,7168
2277,4947,7168
2296,4947,7168
2346,4947,7168
2480,4947,7168
2577,4947,7168
2650,4947,7168
2709,4947,7168
2753,4947,7168
2806,4947,7168
2821,4947,7168
2837,4947,7168
2960,4947,7168
2967,4947,7168
3009,4947,7168
3102,4947,7168
3193,4947,7168
3285,4947,7168
3340,4947,7168
179,4948,7168
383,4948,7168
490,4948,7168
745,4948,7168
904,4948,7168
906,4948,7168
913,4948,7168
1012,4948,7168
1054,4948,7168
1310,4948,7168
1590,4948,7168
210,4948,7168
276,4948,7168
411,4948,7168
616,4948,7168
761,4948,7168
946,4948,7168
974,4948,7168
1205,4948,7168
1476,4948,7168
1542,4948,7168
1616,4948,7168
1671,4948,7168
1847,4948,7168
1921,4948,7168
2058,4948,7168
2159,4948,7168
2287,4948,7168
2319,4948,7168
2447,4948,7168
2548,4948,7168
2671,4948,7168
2779,4948,7168
2913,4948,7168
2957,4948,7168
3084,4948,7168
3280,4948,7168
169,4964,7168
370,4964,7168
417,4964,7168
569,4964,7168
817,4964,7168
1040,4964,7168
1075,4964,7168
1242,4964,7168
1557,4964,7168
224,4964,7168
263,4964,7168
389,4964,7168
570,4964,7168
649,4964,7168
761,4964,7168
779,4964,7168
907,4964,7168
933,4964,7168
1134,4964,7168
1406,4964,7168
1561,4964,7168
1603,4964,7168
1618,4964,7168
1695,4964,7168
1739,4964,7168
1818,4964,7168
1902,4964,7168
1961,4964,7168
2014,4964,7168
2029,4964,7168
2044,4964,7168
2089,4964,7168
2155,4964,7168
2274,4964,7168
2274,4964,7168
2285,4964,7168
2403,4964,7168
2500,4964,7168
2599,4964,7168
2722,4964,7168
2839,4964,7168
2940,4964,7168
2944,4964,7168
2950,4964,7168
2996,4964,7168
3159,4964,7168
3304,4964,7168
243,4974,7168
356,4974,7168
549,4974,7168
826,4974,7168
1026,4974,7168
1133,4974,7168
1356,4974,7168
1525,4974,7168
251,4974,7168
288,4974,7168
472,4974,7168
774,4974,7168
922,4974,7168
976,4974,7168
1128,4974,7168
1392,4974,7168
1580,4974,7168
1592,4974,7168
1778,4974,7168
1900,4974,7168
2005,4974,7168
2141,4974,7168
2256,4974,7168
2262,4974,7168
2446,4974,7168
2567,4974,7168
2702,4974,7168
2834,4974,7168
2933,4974,7168
2981,4974,7168
3095,4974,7168
3159,4974,7168
3266,4974,7168
144,4986,7168
342,4986,7168
372,4986,7168
640,4986,7168
918,4986,7168
1012,4986,7168
1124,4986,7168
1291,4986,7168
1429,4986,7168
239,4986,7168
250,4986,7168
496,4986,7168
782,4986,7168
909,4986,7168
1047,4986,7168
1320,4986,7168
1489,4986,7168
1492,4986,7168
1502,4986,7168
1573,4986,7168
1580,4986,7168
1598,4986,7168
1616,4986,7168
1683,4986,7168
1772,4986,7168
1843,4986,7168
1959,4986,7168
2085,4986,7168
2210,4986,7168
2250,4986,7168
2280,4986,7168
2368,4986,7168
2467,4986,7168
2537,4986,7168
2552,4986,7168
2689,4986,7168
2775,4986,7168
2861,4986,7168
2920,4986,7168
3004,4986,7168
3120,4986,7168
3219,4986,7168
3232,4986,7168
3320,4986,7168
3393,4986,7168
315,5007,7168
324,5007,7168
609,5007,7168
860,5007,7168
994,5007,7168
1068,5007,7168
1266,5007,7168
1370,5007,7168
1561,5007,7168
222,5007,7168
251,5007,7168
454,5007,7168
641,5007,7168
863,5007,7168
892,5007,7168
1183,5007,7168
1339,5007,7168
1483,5007,7168
1555,5007,7168
1562,5007,7168
1682,5007,7168
1799,5007,7168
1878,5007,7168
1966,5007,7168
2065,5007,7168
2221,5007,7168
2233,5007,7168
2379,5007,7168
2414,5007,7168
2467,5007,7168
2570,5007,7168
2584,5007,7168
2599,5007,7168
2612,5007,7168
2628,5007,7168
2643,5007,7168
2716,5007,7168
2850,5007,7168
2903,5007,7168
3021,5007,7168
3124,5007,7168
3208,5007,7168
3311,5007,7168
3406,5007,7168
305,5020,7168
364,5020,7168
657,5020,7168
952,5020,7168
976,5020,7168
1149,5020,7168
1250,5020,7168
1389,5020,7168
1611,5020,7168
208,5020,7168
233,5020,7168
476,5020,7168
632,5020,7168
847,5020,7168
878,5020,7168
1181,5020,7168
1487,5020,7168
1548,5020,7168
1585,5020,7168
1653,5020,7168
1718,5020,7168
1814,5020,7168
1933,5020,7168
2019,5020,7168
2144,5020,7168
2219,5020,7168
2279,5020,7168
2348,5020,7168
2440,5020,7168
2451,5020,7168
2539,5020,7168
2598,5020,7168
2613,5020,7168
2713,5020,7168
2795,5020,7168
2889,5020,7168
2965,5020,7168
3064,5020,7168
3159,5020,7168
3225,5020,7168
3260,5020,7168
3276,5020,7168
3316,5020,7168
175,5029,7168
291,5029,7168
504,5029,7168
792,5029,7168
961,5029,7168
1003,5029,7168
1205,5029,7168
1372,5029,7168
1542,5029,7168
1632,5029,7168
23,5029,7168
175,5029,7168
296,5029,7168
401,5029,7168
483,5029,7168
580,5029,7168
664,5029,7168
684,5029,7168
922,5029,7168
1071,5029,7168
1175,5029,7168
1334,5029,7168
1344,5029,7168
1564,5029,7168
1654,5029,7168
1732,5029,7168
1874,5029,7168
1962,5029,7168
2004,5029,7168
2010,5029,7168
2023,5029,7168
2221,5029,7168
2398,5029,7168
2490,5029,7168
2598,5029,7168
2675,5029,7168
2703,5029,7168
2938,5029,7168
3034,5029,7168
3055,5029,7168
3092,5029,7168
3141,5029,7168
3158,5029,7168
3171,5029,7168
3227,5029,7168
3345,5029,7168
3351,5029,7168
208,5051,7168
430,5051,7168
595,5051,7168
693,5051,7168
876,5051,7168
913,5051,7168
922,5051,7168
931,5051,7168
1089,5051,7168
1263,5051,7168
1265,5051,7168
1527,5051,7168
1599,5051,7168
127,5051,7168
138,5051,7168
155,5051,7168
168,5051,7168
183,5051,7168
208,5051,7168
394,5051,7168
431,5051,7168
627,5051,7168
845,5051,7168
1019,5051,7168
1065,5051,7168
1167,5051,7168
1249,5051,7168
1339,5051,7168
1528,5051,7168
1610,5051,7168
1736,5051,7168
1742,5051,7168
1823,5051,7168
1884,5051,7168
1968,5051,7168
2071,5051,7168
2230,5051,7168
2354,5051,7168
2406,5051,7168
2463,5051,7168
2599,5051,7168
2627,5051,7168
2678,5051,7168
2755,5051,7168
2821,5051,7168
2913,5051,7168
3026,5051,7168
3048,5051,7168
3057,5051,7168
3072,5051,7168
3076,5051,7168
3104,5051,7168
3259,5051,7168
3377,5051,7168
208,5058,7168
406,5058,7168
444,5058,7168
711,5058,7168
940,5058,7168
1076,5058,7168
1184,5058,7168
1267,5058,7168
1463,5058,7168
1609,5058,7168
195,5058,7168
267,5058,7168
321,5058,7168
414,5058,7168
595,5058,7168
788,5058,7168
938,5058,7168
950,5058,7168
1045,5058,7168
1199,5058,7168
1441,5058,7168
1593,5058,7168
1608,5058,7168
1778,5058,7168
1836,5058,7168
1874,5058,7168
1957,5058,7168
2015,5058,7168
2037,5058,7168
2052,5058,7168
2132,5058,7168
2234,5058,7168
2279,5058,7168
2414,5058,7168
2600,5058,7168
2729,5058,7168
2778,5058,7168
2822,5058,7168
2921,5058,7168
2949,5058,7168
3106,5058,7168
3210,5058,7168
3223,5058,7168
3239,5058,7168
3327,5058,7168
3416,5058,7168
301,5077,7168
310,5077,7168
564,5077,7168
830,5077,7168
980,5077,7168
1034,5077,7168
1248,5077,7168
1422,5077,7168
1611,5077,7168
1651,5077,7168
24,5077,7168
157,5077,7168
273,5077,7168
331,5077,7168
458,5077,7168
562,5077,7168
663,5077,7168
669,5077,7168
889,5077,7168
1113,5077,7168
1256,5077,7168
1333,5077,7168
1346,5077,7168
1443,5077,7168
1474,5077,7168
1582,5077,7168
1774,5077,7168
1973,5077,7168
2004,5077,7168
2164,5077,7168
2223,5077,7168
2294,5077,7168
2544,5077,7168
2674,5077,7168
2691,5077,7168
2764,5077,7168
2776,5077,7168
2790,5077,7168
2808,5077,7168
2942,5077,7168
3121,5077,7168
3345,5077,7168
3392,5077,7168
134,5090,7168
310,5090,7168
451,5090,7168
531,5090,7168
576,5090,7168
655,5090,7168
750,5090,7168
988,5090,7168
1172,5090,7168
1247,5090,7168
1321,5090,7168
1572,5090,7168
133,5090,7168
141,5090,7168
149,5090,7168
156,5090,7168
169,5090,7168
221,5090,7168
373,5090,7168
477,5090,7168
744,5090,7168
1035,5090,7168
1044,5090,7168
1224,5090,7168
1437,5090,7168
1668,5090,7168
1714,5090,7168
1797,5090,7168
1817,5090,7168
1889,5090,7168
2006,5090,7168
2068,5090,7168
2165,5090,7168
2253,5090,7168
2385,5090,7168
2397,5090,7168
2593,5090,7168
2599,5090,7168
2646,5090,7168
2727,5090,7168
2784,5090,7168
2822,5090,7168
2837,5090,7168
2888,5090,7168
3022,5090,7168
3055,5090,7168
3168,5090,7168
3350,5090,7168
3479,5093,7168
152,5105,7168
242,5105,7168
369,5105,7168
476,5105,7168
705,5105,7168
886,5105,7168
1040,5105,7168
1127,5105,7168
1338,5105,7168
1576,5105,7168
213,5105,7168
230,5105,7168
328,5105,7168
433,5105,7168
627,5105,7168
881,5105,7168
900,5105,7168
1002,5105,7168
1082,5105,7168
1311,5105,7168
1489,5105,7168
1570,5105,7168
1576,5105,7168
1628,5105,7168
1727,5105,7168
1873,5105,7168
1968,5105,7168
2107,5105,7168
2219,5105,7168
2241,5105,7168
2396,5105,7168
2612,5105,7168
2837,5105,7168
2911,5105,7168
2921,5105,7168
3021,5105,7168
3161,5105,7168
3287,5105,7168
3439,5105,7168
246,5129,7168
259,5129,7168
538,5129,7168
855,5129,7168
929,5129,7168
1045,5129,7168
1205,5129,7168
1415,5129,7168
1600,5129,7168
1621,5129,7168
28,5129,7168
255,5129,7168
388,5129,7168
501,5129,7168
605,5129,7168
618,5129,7168
715,5129,7168
895,5129,7168
1013,5129,7168
1071,5129,7168
1196,5129,7168
1289,5129,7168
1372,5129,7168
1598,5129,7168
1713,5129,7168
1887,5129,7168
1959,5129,7168
1989,5129,7168
2060,5129,7168
2161,5129,7168
2207,5129,7168
2335,5129,7168
2456,5129,7168
2623,5129,7168
2629,5129,7168
2743,5129,7168
2825,5129,7168
2924,5129,7168
3070,5129,7168
3115,5129,7168
3129,5129,7168
3300,5129,7168
3310,5129,7168
3499,5129,7168
277,5150,7168
501,5150,7168
517,5150,7168
683,5150,7168
881,5150,7168
1020,5150,7168
1023,5150,7168
1033,5150,7168
1163,5150,7168
1187,5150,7168
1483,5150,7168
1664,5150,7168
162,5150,7168
241,5150,7168
318,5150,7168
365,5150,7168
400,5150,7168
416,5150,7168
432,5150,7168
447,5150,7168
460,5150,7168
474,5150,7168
628,5150,7168
856,5150,7168
989,5150,7168
1049,5150,7168
1298,5150,7168
1514,5150,7168
1659,5150,7168
1684,5150,7168
1744,5150,7168
1772,5150,7168
1814,5150,7168
1907,5150,7168
1920,5150,7168
2017,5150,7168
2177,5150,7168
2296,5150,7168
2329,5150,7168
2436,5150,7168
2562,5150,7168
2602,5150,7168
2661,5150,7168
2786,5150,7168
2954,5150,7168
3000,5150,7168
3129,5150,7168
3249,5150,7168
3353,5150,7168
3444,5150,7168
231,5151,7168
309,5151,7168
463,5151,7168
663,5151,7168
824,5151,7168
980,5151,7168
1023,5151,7168
1126,5151,7168
1272,5151,7168
1513,5151,7168
1651,5151,7168
1661,5151,7168
21,5151,7168
89,5151,7168
344,5151,7168
518,5151,7168
648,5151,7168
725,5151,7168
976,5151,7168
1091,5151,7168
1239,5151,7168
1318,5151,7168
1339,5151,7168
1527,5151,7168
1587,5151,7168
1705,5151,7168
1817,5151,7168
1899,5151,7168
1970,5151,7168
1989,5151,7168
2100,5151,7168
2131,5151,7168
2139,5151,7168
2153,5151,7168
2168,5151,7168
2181,5151,7168
2282,5151,7168
2395,5151,7168
2500,5151,7168
2659,5151,7168
2665,5151,7168
2867,5151,7168
3037,5151,7168
3125,5151,7168
3127,5151,7168
3145,5151,7168
3191,5151,7168
3211,5151,7168
3310,5151,7168
3330,5151,7168
62,5164,7168
294,5164,7168
530,5164,7168
580,5164,7168
730,5164,7168
911,5164,7168
1069,5164,7168
1190,5164,7168
1201,5164,7168
1394,5164,7168
1592,5164,7168
1693,5164,7168
213,5164,7168
326,5164,7168
435,5164,7168
519,5164,7168
688,5164,7168
871,5164,7168
996,5164,7168
1021,5164,7168
1138,5164,7168
1281,5164,7168
1480,5164,7168
1612,5164,7168
1666,5164,7168
1734,5164,7168
1822,5164,7168
1917,5164,7168
2044,5164,7168
2278,5164,7168
2337,5164,7168
2444,5164,7168
2563,5164,7168
2623,5164,7168
2730,5164,7168
2751,5164,7168
2763,5164,7168
2776,5164,7168
2791,5164,7168
2855,5164,7168
3007,5164,7168
3092,5164,7168
3296,5164,7168
3513,5164,7168
305,5171,7168
330,5171,7168
474,5171,7168
606,5171,7168
769,5171,7168
911,5171,7168
976,5171,7168
986,5171,7168
1113,5171,7168
1420,5171,7168
1646,5171,7168
1656,5171,7168
27,5171,7168
123,5171,7168
214,5171,7168
400,5171,7168
550,5171,7168
640,5171,7168
655,5171,7168
893,5171,7168
1060,5171,7168
1245,5171,7168
1311,5171,7168
1394,5171,7168
1572,5171,7168
1636,5171,7168
1728,5171,7168
1779,5171,7168
1860,5171,7168
1981,5171,7168
2002,5171,7168
2156,5171,7168
2262,5171,7168
2394,5171,7168
2436,5171,7168
2451,5171,7168
2511,5171,7168
2650,5171,7168
2652,5171,7168
2759,5171,7168
2805,5171,7168
2860,5171,7168
2933,5171,7168
2973,5171,7168
3058,5171,7168
3122,5171,7168
3131,5171,7168
3144,5171,7168
3241,5171,7168
3322,5171,7168
3381,5171,7168
3535,5171,7168
296,5192,7168
512,5192,7168
588,5192,7168
850,5192,7168
998,5192,7168
1026,5192,7168
1182,5192,7168
1254,5192,7168
1325,5192,7168
1488,5192,7168
1688,5192,7168
164,5192,7168
260,5192,7168
305,5192,7168
472,5192,7168
714,5192,7168
930,5192,7168
947,5192,7168
975,5192,7168
1007,5192,7168
1157,5192,7168
1264,5192,7168
1435,5192,7168
1552,5192,7168
1646,5192,7168
1700,5192,7168
1834,5192,7168
1925,5192,7168
2027,5192,7168
2043,5192,7168
2057,5192,7168
2160,5192,7168
2261,5192,7168
2291,5192,7168
2316,5192,7168
2473,5192,7168
2562,5192,7168
2661,5192,7168
2747,5192,7168
2800,5192,7168
2854,5192,7168
2868,5192,7168
2883,5192,7168
2987,5192,7168
3037,5192,7168
3237,5192,7168
3400,5192,7168
3503,5192,7168
186,5199,7168
277,5199,7168
358,5199,7168
391,5199,7168
665,5199,7168
936,5199,7168
948,5199,7168
1136,5199,7168
1314,5199,7168
1513,5199,7168
1618,5199,7168
1655,5199,7168
33,5199,7168
187,5199,7168
200,5199,7168
247,5199,7168
442,5199,7168
564,5199,7168
615,5199,7168
617,5199,7168
839,5199,7168
1115,5199,7168
1271,5199,7168
1286,5199,7168
1525,5199,7168
1646,5199,7168
1705,5199,7168
1796,5199,7168
1852,5199,7168
1908,5199,7168
1957,5199,7168
2072,5199,7168
2361,5199,7168
2475,5199,7168
2562,5199,7168
2627,5199,7168
2629,5199,7168
2633,5199,7168
2664,5199,7168
2723,5199,7168
2740,5199,7168
2756,5199,7168
2976,5199,7168
3143,5199,7168
3284,5199,7168
3297,5199,7168
3467,5199,7168
273,5214,7168
453,5214,7168
485,5214,7168
620,5214,7168
849,5214,7168
1024,5214,7168
1124,5214,7168
1155,5214,7168
1315,5214,7168
1542,5214,7168
1665,5214,7168
252,5214,7168
281,5214,7168
462,5214,7168
654,5214,7168
951,5214,7168
957,5214,7168
1095,5214,7168
1318,5214,7168
1467,5214,7168
1621,5214,7168
1669,5214,7168
1834,5214,7168
1890,5214,7168
2027,5214,7168
2173,5214,7168
2245,5214,7168
2292,5214,7168
2357,5214,7168
2434,5214,7168
2533,5214,7168
2659,5214,7168
2803,5214,7168
2962,5214,7168
2973,5214,7168
3069,5214,7168
3155,5214,7168
3194,5214,7168
3309,5214,7168
3516,5214,7168
186,5232,7168
245,5232,7168
314,5232,7168
623,5232,7168
914,5232,7168
916,5232,7168
965,5232,7168
1212,5232,7168
1489,5232,7168
1547,5232,7168
1586,5232,7168
1605,5232,7168
1655,5232,7168
1704,5232,7168
46,5232,7168
57,5232,7168
70,5232,7168
86,5232,7168
167,5232,7168
326,5232,7168
497,5232,7168
585,5232,7168
604,5232,7168
780,5232,7168
945,5232,7168
1084,5232,7168
1242,5232,7168
1255,5232,7168
1378,5232,7168
1466,5232,7168
1567,5232,7168
1633,5232,7168
1710,5232,7168
1825,5232,7168
1899,5232,7168
1926,5232,7168
2006,5232,7168
2315,5232,7168
2478,5232,7168
2508,5232,7168
2555,5232,7168
2596,5232,7168
2646,5232,7168
2919,5232,7168
3100,5232,7168
3192,5232,7168
3251,5232,7168
3267,5232,7168
3495,5232,7168
102,5257,7168
203,5257,7168
254,5257,7168
269,5257,7168
443,5257,7168
469,5257,7168
779,5257,7168
1012,5257,7168
1113,5257,7168
1194,5257,7168
1482,5257,7168
1566,5257,7168
1612,5257,7168
1650,5257,7168
192,5257,7168
245,5257,7168
247,5257,7168
262,5257,7168
319,5257,7168
555,5257,7168
817,5257,7168
916,5257,7168
1079,5257,7168
1326,5257,7168
1467,5257,7168
1586,5257,7168
1592,5257,7168
1609,5257,7168
1688,5257,7168
1781,5257,7168
1851,5257,7168
1913,5257,7168
2039,5257,7168
2197,5257,7168
2256,5257,7168
2335,5257,7168
2449,5257,7168
2539,5257,7168
2561,5257,7168
2700,5257,7168
2913,5257,7168
2927,5257,7168
3084,5257,7168
3173,5257,7168
3181,5257,7168
3238,5257,7168
3306,5257,7168
3314,5257,7168
3331,5257,7168
3346,5257,7168
3366,5257,7168
3487,5257,7168
3597,5266,7168
37,5280,7168
279,5280,7168
546,5280,7168
664,5280,7168
731,5280,7168
960,5280,7168
1055,5280,7168
1167,5280,7168
1277,5280,7168
1334,5280,7168
1397,5280,7168
1628,5280,7168
1706,5280,7168
229,5280,7168
386,5280,7168
388,5280,7168
456,5280,7168
566,5280,7168
638,5280,7168
841,5280,7168
1043,5280,7168
1056,5280,7168
1188,5280,7168
1304,5280,7168
1481,5280,7168
1707,5280,7168
1727,5280,7168
1818,5280,7168
1907,5280,7168
1975,5280,7168
1986,5280,7168
2001,5280,7168
2016,5280,7168
2032,5280,7168
2096,5280,7168
2182,5280,7168
2287,5280,7168
2398,5280,7168
2423,5280,7168
2449,5280,7168
2541,5280,7168
2643,5280,7168
2771,5280,7168
2894,5280,7168
2964,5280,7168
2995,5280,7168
3068,5280,7168
3106,5280,7168
3211,5280,7168
3300,5280,7168
3318,5280,7168
3386,5280,7168
3525,5280,7168
220,5298,7168
286,5298,7168
369,5298,7168
532,5298,7168
773,5298,7168
957,5298,7168
1024,5298,7168
1207,5298,7168
1378,5298,7168
1504,5298,7168
1627,5298,7168
1655,5298,7168
44,5298,7168
151,5298,7168
349,5298,7168
453,5298,7168
517,5298,7168
598,5298,7168
626,5298,7168
904,5298,7168
1079,5298,7168
1179,5298,7168
1269,5298,7168
1343,5298,7168
1528,5298,7168
1620,5298,7168
1686,5298,7168
1742,5298,7168
1828,5298,7168
1906,5298,7168
1939,5298,7168
1939,5298,7168
2066,5298,7168
2233,5298,7168
2392,5298,7168
2518,5298,7168
2610,5298,7168
2612,5298,7168
2712,5298,7168
2848,5298,7168
2974,5298,7168
3038,5298,7168
3149,5298,7168
3232,5298,7168
3280,5298,7168
3403,5298,7168
3559,5298,7168
172,5305,7168
429,5305,7168
444,5305,7168
713,5305,7168
866,5305,7168
1007,5305,7168
1100,5305,7168
1207,5305,7168
1398,5305,7168
1537,5305,7168
1678,5305,7168
200,5305,7168
207,5305,7168
226,5305,7168
323,5305,7168
568,5305,7168
775,5305,7168
896,5305,7168
937,5305,7168
1128,5305,7168
1375,5305,7168
1524,5305,7168
1566,5305,7168
1689,5305,7168
1737,5305,7168
1861,5305,7168
1944,5305,7168
2073,5305,7168
2237,5305,7168
2295,5305,7168
2425,5305,7168
2502,5305,7168
2605,5305,7168
2903,5305,7168
2907,5305,7168
2991,5305,7168
3069,5305,7168
3107,5305,7168
3117,5305,7168
3131,5305,7168
3146,5305,7168
3255,5305,7168
3424,5305,7168
3577,5305,7168
20,5329,7168
330,5329,7168
379,5329,7168
482,5329,7168
612,5329,7168
627,5329,7168
741,5329,7168
992,5329,7168
1167,5329,7168
1283,5329,7168
1297,5329,7168
1473,5329,7168
1682,5329,7168
1689,5329,7168
1735,5329,7168
181,5329,7168
231,5329,7168
247,5329,7168
262,5329,7168
350,5329,7168
460,5329,7168
728,5329,7168
968,5329,7168
1020,5329,7168
1200,5329,7168
1306,5329,7168
1464,5329,7168
1553,5329,7168
1619,5329,7168
1691,5329,7168
1706,5329,7168
1774,5329,7168
1888,5329,7168
1996,5329,7168
2021,5329,7168
2137,5329,7168
2216,5329,7168
2362,5329,7168
2382,5329,7168
2501,5329,7168
2592,5329,7168
2711,5329,7168
2834,5329,7168
2970,5329,7168
3032,5329,7168
3108,5329,7168
3180,5329,7168
3238,5329,7168
3335,5329,7168
3363,5329,7168
3379,5329,7168
3467,5329,7168
3557,5329,7168
204,5333,7168
245,5333,7168
431,5333,7168
530,5333,7168
592,5333,7168
605,5333,7168
621,5333,7168
693,5333,7168
892,5333,7168
916,5333,7168
1170,5333,7168
1336,5333,7168
1447,5333,7168
1586,5333,7168
1614,5333,7168
1629,5333,7168
1729,5333,7168
55,5333,7168
65,5333,7168
80,5333,7168
94,5333,7168
111,5333,7168
274,5333,7168
456,5333,7168
562,5333,7168
653,5333,7168
839,5333,7168
1003,5333,7168
1067,5333,7168
1200,5333,7168
1232,5333,7168
1379,5333,7168
1496,5333,7168
1592,5333,7168
1686,5333,7168
1751,5333,7168
1830,5333,7168
1851,5333,7168
1865,5333,7168
1881,5333,7168
1896,5333,7168
1903,5333,7168
1957,5333,7168
2082,5333,7168
2278,5333,7168
2406,5333,7168
2502,5333,7168
2573,5333,7168
2601,5333,7168
2825,5333,7168
2973,5333,7168
3065,5333,7168
3118,5333,7168
3162,5333,7168
3224,5333,7168
3243,5333,7168
3419,5333,7168
3613,5333,7168
290,5340,7168
363,5340,7168
388,5340,7168
394,5340,7168
402,5340,7168
416,5340,7168
477,5340,7168
728,5340,7168
1006,5340,7168
1058,5340,7168
1242,5340,7168
1421,5340,7168
1553,5340,7168
1608,5340,7168
1728,5340,7168
1734,5340,7168
17,5340,7168
30,5340,7168
290,5340,7168
391,5340,7168
443,5340,7168
459,5340,7168
657,5340,7168
689,5340,7168
944,5340,7168
1164,5340,7168
1327,5340,7168
1402,5340,7168
1503,5340,7168
1670,5340,7168
1840,5340,7168
1963,5340,7168
1998,5340,7168
2060,5340,7168
2078,5340,7168
2197,5340,7168
2385,5340,7168
2452,5340,7168
2565,5340,7168
2668,5340,7168
2668,5340,7168
2885,5340,7168
3114,5340,7168
3253,5340,7168
3332,5340,7168
3338,5340,7168
3396,5340,7168
3584,5340,7168
126,5361,7168
255,5361,7168
444,5361,7168
505,5361,7168
800,5361,7168
1010,5361,7168
1114,5361,7168
1241,5361,7168
1340,5361,7168
1538,5361,7168
1725,5361,7168
206,5361,7168
219,5361,7168
221,5361,7168
319,5361,7168
380,5361,7168
464,5361,7168
656,5361,7168
891,5361,7168
921,5361,7168
1088,5361,7168
1207,5361,7168
1462,5361,7168
1540,5361,7168
1561,5361,7168
1589,5361,7168
1702,5361,7168
1774,5361,7168
1869,5361,7168
1994,5361,7168
2032,5361,7168
2047,5361,7168
2061,5361,7168
2078,5361,7168
2093,5361,7168
2232,5361,7168
2249,5361,7168
2491,5361,7168
2697,5361,7168
2854,5361,7168
2903,5361,7168
2996,5361,7168
3188,5361,7168
3256,5361,7168
3277,5361,7168
3287,5361,7168
3302,5361,7168
3396,5361,7168
3533,5361,7168
3573,5361,7168
100,5371,7168
384,5371,7168
508,5371,7168
604,5371,7168
610,5371,7168
804,5371,7168
1005,5371,7168
1083,5371,7168
1121,5371,7168
1226,5371,7168
1275,5371,7168
1406,5371,7168
1695,5371,7168
232,5371,7168
280,5371,7168
325,5371,7168
495,5371,7168
736,5371,7168
902,5371,7168
996,5371,7168
1116,5371,7168
1220,5371,7168
1385,5371,7168
1524,5371,7168
1667,5371,7168
1734,5371,7168
1896,5371,7168
1905,5371,7168
1912,5371,7168
1965,5371,7168
2095,5371,7168
2198,5371,7168
2328,5371,7168
2337,5371,7168
2506,5371,7168
2648,5371,7168
2834,5371,7168
2873,5371,7168
2965,5371,7168
3007,5371,7168
3164,5371,7168
3345,5371,7168
3475,5371,7168
3552,5371,7168
3667,5371,7168
209,5375,7168
377,5375,7168
661,5375,7168
857,5375,7168
879,5375,7168
992,5375,7168
1105,5375,7168
1313,5375,7168
1545,5375,7168
1549,5375,7168
1656,5375,7168
1739,5375,7168
136,5375,7168
338,5375,7168
501,5375,7168
528,5375,7168
741,5375,7168
985,5375,7168
1046,5375,7168
1198,5375,7168
1208,5375,7168
1385,5375,7168
1611,5375,7168
1710,5375,7168
1854,5375,7168
1869,5375,7168
1932,5375,7168
1978,5375,7168
2019,5375,7168
2062,5375,7168
2075,5375,7168
2088,5375,7168
2104,5375,7168
2128,5375,7168
2181,5375,7168
2203,5375,7168
2217,5375,7168
2297,5375,7168
2374,5375,7168
2462,5375,7168
2526,5375,7168
2539,5375,7168
2550,5375,7168
2577,5375,7168
2618,5375,7168
2688,5375,7168
2774,5375,7168
2841,5375,7168
2919,5375,7168
3012,5375,7168
3091,5375,7168
3192,5375,7168
3210,5375,7168
3294,5375,7168
3383,5375,7168
3455,5375,7168
3521,5375,7168
3554,5375,7168
3638,5375,7168
243,5387,7168
342,5387,7168
451,5387,7168
598,5387,7168
799,5387,7168
1012,5387,7168
1012,5387,7168
1177,5387,7168
1273,5387,7168
1498,5387,7168
1559,5387,7168
1674,5387,7168
1683,5387,7168
1760,5387,7168
35,5387,7168
305,5387,7168
542,5387,7168
576,5387,7168
613,5387,7168
678,5387,7168
852,5387,7168
1055,5387,7168
1270,5387,7168
1283,5387,7168
1526,5387,7168
1699,5387,7168
1815,5387,7168
1919,5387,7168
1954,5387,7168
2016,5387,7168
2213,5387,7168
2298,5387,7168
2397,5387,7168
2558,5387,7168
2624,5387,7168
2680,5387,7168
2910,5387,7168
3055,5387,7168
3243,5387,7168
3294,5387,7168
3364,5387,7168
3399,5387,7168
3536,5387,7168
3659,5387,7168
140,5394,7168
397,5394,7168
432,5394,7168
698,5394,7168
956,5394,7168
1068,5394,7168
1092,5394,7168
1236,5394,7168
1472,5394,7168
1630,5394,7168
1738,5394,7168
1759,5394,7168
53,5394,7168
204,5394,7168
440,5394,7168
649,5394,7168
659,5394,7168
837,5394,7168
1048,5394,7168
1114,5394,7168
1126,5394,7168
1189,5394,7168
1319,5394,7168
1367,5394,7168
1486,5394,7168
1625,5394,7168
1756,5394,7168
1851,5394,7168
1930,5394,7168
1990,5394,7168
2024,5394,7168
2138,5394,7168
2257,5394,7168
2348,5394,7168
2390,5394,7168
2420,5394,7168
2533,5394,7168
2590,5394,7168
2603,5394,7168
2618,5394,7168
2649,5394,7168
2660,5394,7168
2814,5394,7168
2882,5394,7168
3012,5394,7168
3104,5394,7168
3145,5394,7168
3256,5394,7168
3317,5394,7168
3329,5394,7168
3331,5394,7168
3341,5394,7168
3355,5394,7168
3367,5394,7168
3475,5394,7168
3639,5394,7168
276,5398,7168
420,5398,7168
511,5398,7168
800,5398,7168
989,5398,7168
998,5398,7168
1090,5398,7168
1182,5398,7168
1424,5398,7168
1574,5398,7168
1629,5398,7168
1761,5398,7168
12,5398,7168
17,5398,7168
89,5398,7168
157,5398,7168
275,5398,7168
434,5398,7168
621,5398,7168
663,5398,7168
794,5398,7168
916,5398,7168
1017,5398,7168
1076,5398,7168
1175,5398,7168
1334,5398,7168
1350,5398,7168
1481,5398,7168
1596,5398,7168
1713,5398,7168
1810,5398,7168
1894,5398,7168
1982,5398,7168
2004,5398,7168
2083,5398,7168
2199,5398,7168
2283,5398,7168
2312,5398,7168
2327,5398,7168
2357,5398,7168
2382,5398,7168
2395,5398,7168
2430,5398,7168
2543,5398,7168
2674,5398,7168
2689,5398,7168
2777,5398,7168
2844,5398,7168
2947,5398,7168
3019,5398,7168
3120,5398,7168
3145,5398,7168
3211,5398,7168
3268,5398,7168
3345,5398,7168
3371,5398,7168
3448,5398,7168
3494,5398,7168
3604,5398,7168
137,5419,7168
259,5419,7168
408,5419,7168
420,5419,7168
553,5419,7168
712,5419,7168
865,5419,7168
966,5419,7168
1090,5419,7168
1164,5419,7168
1400,5419,7168
1657,5419,7168
1760,5419,7168
30,5419,7168
95,5419,7168
220,5419,7168
225,5419,7168
348,5419,7168
620,5419,7168
658,5419,7168
855,5419,7168
1087,5419,7168
1230,5419,7168
1329,5419,7168
1505,5419,7168
1678,5419,7168
1755,5419,7168
1892,5419,7168
1896,5419,7168
1977,5419,7168
1999,5419,7168
2120,5419,7168
2254,5419,7168
2300,5419,7168
2318,5419,7168
2333,5419,7168
2426,5419,7168
2655,5419,7168
2669,5419,7168
2845,5419,7168
3081,5419,7168
3281,5419,7168
3340,5419,7168
3460,5419,7168
3473,5419,7168
3522,5419,7168
3528,5419,7168
3569,5419,7168
129,5431,7168
405,5431,7168
411,5431,7168
606,5431,7168
897,5431,7168
1081,5431,7168
1131,5431,7168
1294,5431,7168
1540,5431,7168
1679,5431,7168
1752,5431,7168
11,5431,7168
21,5431,7168
113,5431,7168
280,5431,7168
547,5431,7168
558,5431,7168
650,5431,7168
675,5431,7168
933,5431,7168
1136,5431,7168
1320,5431,7168
1333,5431,7168
1546,5431,7168
1738,5431,7168
1791,5431,7168
1877,5431,7168
1991,5431,7168
2026,5431,7168
2207,5431,7168
2325,5431,7168
2516,5431,7168
2662,5431,7168
2682,5431,7168
2696,5431,7168
2834,5431,7168
3004,5431,7168
3116,5431,7168
3264,5431,7168
3332,5431,7168
3492,5431,7168
122,5438,7168
290,5438,7168
402,5438,7168
502,5438,7168
727,5438,7168
821,5438,7168
1002,5438,7168
1072,5438,7168
1116,5438,7168
1292,5438,7168
1476,5438,7168
1569,5438,7168
1742,5438,7168
19,5438,7168
176,5438,7168
346,5438,7168
493,5438,7168
610,5438,7168
643,5438,7168
823,5438,7168
1049,5438,7168
1202,5438,7168
1313,5438,7168
1383,5438,7168
1658,5438,7168
1859,5438,7168
1984,5438,7168
2146,5438,7168
2197,5438,7168
2351,5438,7168
2505,5438,7168
2582,5438,7168
2654,5438,7168
2761,5438,7168
3043,5438,7168
3240,5438,7168
3325,5438,7168
3546,5438,7168
214,5447,7168
392,5447,7168
460,5447,7168
628,5447,7168
799,5447,7168
1006,5447,7168
1063,5447,7168
1201,5447,7168
1482,5447,7168
1675,5447,7168
1733,5447,7168
65,5447,7168
269,5447,7168
464,5447,7168
624,5447,7168
635,5447,7168
709,5447,7168
803,5447,7168
1010,5447,7168
1188,5447,7168
1305,5447,7168
1454,5447,7168
1701,5447,7168
1820,5447,7168
1929,5447,7168
1975,5447,7168
1997,5447,7168
2054,5447,7168
2063,5447,7168
2067,5447,7168
2080,5447,7168
2089,5447,7168
2104,5447,7168
2210,5447,7168
2288,5447,7168
2384,5447,7168
2499,5447,7168
2571,5447,7168
2646,5447,7168
2726,5447,7168
2801,5447,7168
2839,5447,7168
2867,5447,7168
2944,5447,7168
3060,5447,7168
3176,5447,7168
3229,5447,7168
3316,5447,7168
3384,5447,7168
3470,5447,7168
3520,5447,7168
3643,5447,7168
3657,5447,7168
3671,5447,7168
130,5474,7168
374,5474,7168
408,5474,7168
682,5474,7168
923,5474,7168
1044,5474,7168
1105,5474,7168
1211,5474,7168
1367,5474,7168
1460,5474,7168
1673,5474,7168
1715,5474,7168
1795,5474,7168
49,5474,7168
237,5474,7168
397,5474,7168
569,5474,7168
615,5474,7168
762,5474,7168
980,5474,7168
1079,5474,7168
1234,5474,7168
1286,5474,7168
1383,5474,7168
1528,5474,7168
1712,5474,7168
1746,5474,7168
1825,5474,7168
1901,5474,7168
1957,5474,7168
2026,5474,7168
2123,5474,7168
2158,5474,7168
2193,5474,7168
2317,5474,7168
2387,5474,7168
2442,5474,7168
2550,5474,7168
2579,5474,7168
2627,5474,7168
2762,5474,7168
2926,5474,7168
3020,5474,7168
3114,5474,7168
3153,5474,7168
3163,5474,7168
3178,5474,7168
3277,5474,7168
3297,5474,7168
3477,5474,7168
3573,5474,7168
3704,5474,7168
242,5475,7168
356,5475,7168
536,5475,7168
787,5475,7168
866,5475,7168
1027,5475,7168
1054,5475,7168
1189,5475,7168
1414,5475,7168
1559,5475,7168
1697,5475,7168
1707,5475,7168
45,5475,7168
133,5475,7168
235,5475,7168
365,5475,7168
427,5475,7168
600,5475,7168
637,5475,7168
747,5475,7168
869,5475,7168
1101,5475,7168
1271,5475,7168
1313,5475,7168
1432,5475,7168
1529,5475,7168
1710,5475,7168
1751,5475,7168
1780,5475,7168
1796,5475,7168
1871,5475,7168
1941,5475,7168
1957,5475,7168
2076,5475,7168
2162,5475,7168
2246,5475,7168
2334,5475,7168
2436,5475,7168
2528,5475,7168
2572,5475,7168
2585,5475,7168
2600,5475,7168
2611,5475,7168
2670,5475,7168
2782,5475,7168
2881,5475,7168
2996,5475,7168
3095,5475,7168
3227,5475,7168
3282,5475,7168
3316,5475,7168
3323,5475,7168
3333,5475,7168
3349,5475,7168
3360,5475,7168
3402,5475,7168
3501,5475,7168
3578,5475,7168
3647,5475,7168
3712,5475,7168
202,5492,7168
