# Command line arguments:  -Xmx7g  Program arguments:  --manual_gc 

used memory, total memory, maximum memory
15,245,6372
136,309,6372
142,437,6372
341,437,6372
374,609,6372
442,842,6372
652,842,6372
510,1124,6372
726,1124,6372
563,1704,6372
726,1704,6372
957,1704,6372
1095,1704,6372
1250,1704,6372
1375,1704,6372
963,2022,6372
1166,2022,6372
1346,2022,6372
1537,2022,6372
1139,2651,6372
1178,2651,6372
1237,2651,6372
1335,2651,6372
1498,2651,6372
1661,2651,6372
1856,2651,6372
1888,2651,6372
1888,2651,6372
1888,2651,6372
1888,2651,6372
1888,2651,6372
2084,2651,6372
2116,2651,6372
1435,3089,6372
1796,3089,6372
2150,3089,6372
2311,3089,6372
2539,3089,6372
1762,3920,6372
1955,3920,6372
2153,3920,6372
2383,3920,6372
2613,3920,6372
2711,3920,6372
2843,3920,6372
2942,3920,6372
3040,3920,6372
3073,3920,6372
3073,3920,6372
3106,3920,6372
3172,3920,6372
3237,3920,6372
3270,3920,6372
2234,4497,6372
2399,4497,6372
2629,4497,6372
2859,4497,6372
3024,4497,6372
3057,4497,6372
3221,4497,6372
3353,4497,6372
3485,4497,6372
3584,4497,6372
3584,4497,6372
3616,4497,6372
3616,4497,6372
3715,4497,6372
2707,5538,6372
2929,5538,6372
3021,5538,6372
3205,5538,6372
3527,5538,6372
3757,5538,6372
3942,5538,6372
4126,5538,6372
4218,5538,6372
4264,5538,6372
4264,5538,6372
4264,5538,6372
4402,5538,6372
4494,5538,6372
4724,5538,6372
3325,6295,6372
3591,6295,6372
3682,6295,6372
3864,6295,6372
4092,6295,6372
4365,6295,6372
4637,6295,6372
4859,6295,6372
4996,6295,6372
5132,6295,6372
5132,6295,6372
5132,6295,6372
5137,6295,6372
5178,6295,6372
5178,6295,6372
5178,6295,6372
5314,6295,6372
3950,6885,6885
4108,6885,6885
4303,6885,6885
202,6861,6861
359,6861,6861
359,6861,6861
359,6861,6861
359,6861,6861
367,6861,6861
377,6861,6861
387,6861,6861
397,6861,6861
407,6861,6861
417,6861,6861
427,6861,6861
437,6861,6861
447,6861,6861
457,6861,6861
467,6861,6861
477,6861,6861
487,6861,6861
497,6861,6861
507,6861,6861
517,6861,6861
527,6861,6861
537,6861,6861
547,6861,6861
557,6861,6861
567,6861,6861
577,6861,6861
587,6861,6861
597,6861,6861
607,6861,6861
617,6861,6861
627,6861,6861
637,6861,6861
647,6861,6861
657,6861,6861
667,6861,6861
677,6861,6861
687,6861,6861
697,6861,6861
707,6861,6861
717,6861,6861
723,6861,6861
727,6861,6861
737,6861,6861
747,6861,6861
757,6861,6861
767,6861,6861
777,6861,6861
787,6861,6861
797,6861,6861
807,6861,6861
817,6861,6861
827,6861,6861
837,6861,6861
847,6861,6861
857,6861,6861
867,6861,6861
877,6861,6861
887,6861,6861
897,6861,6861
100,6940,6940
138,6940,6940
138,6940,6940
138,6940,6940
142,6940,6940
152,6940,6940
162,6940,6940
172,6940,6940
182,6940,6940
192,6940,6940
202,6940,6940
212,6940,6940
222,6940,6940
232,6940,6940
242,6940,6940
252,6940,6940
262,6940,6940
272,6940,6940
282,6940,6940
292,6940,6940
302,6940,6940
312,6940,6940
322,6940,6940
332,6940,6940
342,6940,6940
352,6940,6940
362,6940,6940
372,6940,6940
382,6940,6940
392,6940,6940
402,6940,6940
412,6940,6940
422,6940,6940
432,6940,6940
442,6940,6940
452,6940,6940
462,6940,6940
472,6940,6940
482,6940,6940
482,6940,6940
492,6940,6940
502,6940,6940
512,6940,6940
522,6940,6940
532,6940,6940
542,6940,6940
552,6940,6940
562,6940,6940
572,6940,6940
582,6940,6940
592,6940,6940
602,6940,6940
612,6940,6940
622,6940,6940
651,6940,6940
661,6940,6940
671,6940,6940
681,6940,6940
691,6940,6940
701,6940,6940
119,6927,6927
157,6927,6927
157,6927,6927
157,6927,6927
161,6927,6927
171,6927,6927
181,6927,6927
191,6927,6927
201,6927,6927
211,6927,6927
221,6927,6927
231,6927,6927
241,6927,6927
251,6927,6927
261,6927,6927
271,6927,6927
281,6927,6927
291,6927,6927
301,6927,6927
311,6927,6927
321,6927,6927
331,6927,6927
341,6927,6927
351,6927,6927
361,6927,6927
371,6927,6927
381,6927,6927
391,6927,6927
401,6927,6927
411,6927,6927
421,6927,6927
431,6927,6927
441,6927,6927
451,6927,6927
461,6927,6927
471,6927,6927
481,6927,6927
491,6927,6927
501,6927,6927
511,6927,6927
521,6927,6927
531,6927,6927
541,6927,6927
551,6927,6927
561,6927,6927
571,6927,6927
581,6927,6927
591,6927,6927
601,6927,6927
611,6927,6927
621,6927,6927
631,6927,6927
641,6927,6927
651,6927,6927
661,6927,6927
671,6927,6927
681,6927,6927
691,6927,6927
701,6927,6927
711,6927,6927
138,6937,6937
138,6937,6937
138,6937,6937
142,6937,6937
152,6937,6937
162,6937,6937
172,6937,6937
182,6937,6937
192,6937,6937
202,6937,6937
212,6937,6937
222,6937,6937
232,6937,6937
242,6937,6937
252,6937,6937
262,6937,6937
272,6937,6937
282,6937,6937
292,6937,6937
302,6937,6937
312,6937,6937
322,6937,6937
332,6937,6937
342,6937,6937
352,6937,6937
362,6937,6937
372,6937,6937
382,6937,6937
392,6937,6937
402,6937,6937
412,6937,6937
422,6937,6937
432,6937,6937
442,6937,6937
452,6937,6937
462,6937,6937
472,6937,6937
482,6937,6937
492,6937,6937
502,6937,6937
512,6937,6937
522,6937,6937
532,6937,6937
542,6937,6937
552,6937,6937
562,6937,6937
572,6937,6937
582,6937,6937
592,6937,6937
602,6937,6937
612,6937,6937
622,6937,6937
632,6937,6937
642,6937,6937
652,6937,6937
662,6937,6937
672,6937,6937
682,6937,6937
692,6937,6937
702,6937,6937
138,6937,6937
138,6937,6937
138,6937,6937
142,6937,6937
152,6937,6937
162,6937,6937
172,6937,6937
182,6937,6937
192,6937,6937
202,6937,6937
212,6937,6937
222,6937,6937
232,6937,6937
242,6937,6937
252,6937,6937
262,6937,6937
272,6937,6937
282,6937,6937
292,6937,6937
302,6937,6937
312,6937,6937
322,6937,6937
332,6937,6937
342,6937,6937
352,6937,6937
362,6937,6937
372,6937,6937
382,6937,6937
392,6937,6937
402,6937,6937
412,6937,6937
422,6937,6937
432,6937,6937
442,6937,6937
452,6937,6937
462,6937,6937
472,6937,6937
482,6937,6937
492,6937,6937
502,6937,6937
512,6937,6937
522,6937,6937
532,6937,6937
542,6937,6937
552,6937,6937
562,6937,6937
572,6937,6937
582,6937,6937
592,6937,6937
602,6937,6937
612,6937,6937
622,6937,6937
632,6937,6937
642,6937,6937
652,6937,6937
662,6937,6937
672,6937,6937
682,6937,6937
692,6937,6937
692,6937,6937
100,6943,6943
138,6943,6943
138,6943,6943
138,6943,6943
142,6943,6943
180,6943,6943
180,6943,6943
180,6943,6943
180,6943,6943
218,6943,6943
218,6943,6943
218,6943,6943
222,6943,6943
261,6943,6943
261,6943,6943
261,6943,6943
261,6943,6943
299,6943,6943
299,6943,6943
299,6943,6943
303,6943,6943
341,6943,6943
341,6943,6943
341,6943,6943
341,6943,6943
379,6943,6943
379,6943,6943
379,6943,6943
383,6943,6943
421,6943,6943
421,6943,6943
421,6943,6943
421,6943,6943
459,6943,6943
459,6943,6943
459,6943,6943
463,6943,6943
501,6943,6943
501,6943,6943
501,6943,6943
501,6943,6943
539,6943,6943
539,6943,6943
539,6943,6943
543,6943,6943
581,6943,6943
581,6943,6943
581,6943,6943
581,6943,6943
620,6943,6943
620,6943,6943
620,6943,6943
624,6943,6943
662,6943,6943
662,6943,6943
662,6943,6943
662,6943,6943
700,6943,6943
700,6943,6943
700,6943,6943
138,6939,6939
138,6939,6939
138,6939,6939
142,6939,6939
180,6939,6939
180,6939,6939
180,6939,6939
180,6939,6939
218,6939,6939
218,6939,6939
218,6939,6939
222,6939,6939
261,6939,6939
261,6939,6939
261,6939,6939
261,6939,6939
299,6939,6939
299,6939,6939
299,6939,6939
303,6939,6939
341,6939,6939
341,6939,6939
341,6939,6939
341,6939,6939
379,6939,6939
379,6939,6939
379,6939,6939
383,6939,6939
421,6939,6939
421,6939,6939
421,6939,6939
421,6939,6939
459,6939,6939
459,6939,6939
459,6939,6939
463,6939,6939
501,6939,6939
501,6939,6939
501,6939,6939
501,6939,6939
539,6939,6939
539,6939,6939
539,6939,6939
543,6939,6939
581,6939,6939
581,6939,6939
581,6939,6939
581,6939,6939
620,6939,6939
620,6939,6939
620,6939,6939
624,6939,6939
662,6939,6939
662,6939,6939
662,6939,6939
662,6939,6939
700,6939,6939
700,6939,6939
700,6939,6939
100,6955,6955
139,6955,6955
139,6955,6955
139,6955,6955
143,6955,6955
181,6955,6955
181,6955,6955
181,6955,6955
181,6955,6955
220,6955,6955
220,6955,6955
220,6955,6955
224,6955,6955
262,6955,6955
262,6955,6955
262,6955,6955
262,6955,6955
301,6955,6955
301,6955,6955
301,6955,6955
305,6955,6955
343,6955,6955
343,6955,6955
343,6955,6955
343,6955,6955
382,6955,6955
382,6955,6955
382,6955,6955
386,6955,6955
424,6955,6955
424,6955,6955
424,6955,6955
424,6955,6955
463,6955,6955
463,6955,6955
463,6955,6955
467,6955,6955
505,6955,6955
505,6955,6955
505,6955,6955
505,6955,6955
544,6955,6955
544,6955,6955
544,6955,6955
548,6955,6955
587,6955,6955
587,6955,6955
587,6955,6955
587,6955,6955
625,6955,6955
625,6955,6955
625,6955,6955
629,6955,6955
668,6955,6955
668,6955,6955
668,6955,6955
668,6955,6955
706,6955,6955
706,6955,6955
706,6955,6955
100,6948,6948
139,6948,6948
139,6948,6948
139,6948,6948
143,6948,6948
181,6948,6948
181,6948,6948
181,6948,6948
181,6948,6948
220,6948,6948
220,6948,6948
220,6948,6948
224,6948,6948
262,6948,6948
262,6948,6948
262,6948,6948
262,6948,6948
301,6948,6948
301,6948,6948
301,6948,6948
305,6948,6948
343,6948,6948
343,6948,6948
343,6948,6948
343,6948,6948
382,6948,6948
382,6948,6948
382,6948,6948
386,6948,6948
424,6948,6948
424,6948,6948
424,6948,6948
424,6948,6948
463,6948,6948
463,6948,6948
463,6948,6948
467,6948,6948
505,6948,6948
505,6948,6948
505,6948,6948
505,6948,6948
544,6948,6948
544,6948,6948
544,6948,6948
548,6948,6948
587,6948,6948
587,6948,6948
587,6948,6948
587,6948,6948
625,6948,6948
625,6948,6948
625,6948,6948
629,6948,6948
668,6948,6948
668,6948,6948
668,6948,6948
668,6948,6948
706,6948,6948
706,6948,6948
706,6948,6948
139,6949,6949
139,6949,6949
139,6949,6949
143,6949,6949
151,6949,6949
161,6949,6949
171,6949,6949
181,6949,6949
191,6949,6949
201,6949,6949
211,6949,6949
221,6949,6949
231,6949,6949
241,6949,6949
251,6949,6949
261,6949,6949
271,6949,6949
281,6949,6949
291,6949,6949
301,6949,6949
311,6949,6949
321,6949,6949
331,6949,6949
341,6949,6949
351,6949,6949
361,6949,6949
371,6949,6949
381,6949,6949
391,6949,6949
401,6949,6949
411,6949,6949
421,6949,6949
431,6949,6949
441,6949,6949
451,6949,6949
461,6949,6949
471,6949,6949
481,6949,6949
491,6949,6949
501,6949,6949
511,6949,6949
521,6949,6949
523,6949,6949
531,6949,6949
541,6949,6949
551,6949,6949
561,6949,6949
571,6949,6949
581,6949,6949
591,6949,6949
601,6949,6949
611,6949,6949
621,6949,6949
631,6949,6949
641,6949,6949
651,6949,6949
661,6949,6949
671,6949,6949
681,6949,6949
691,6949,6949
100,6759,6759
139,6759,6759
139,6759,6759
139,6759,6759
143,6759,6759
151,6759,6759
161,6759,6759
171,6759,6759
181,6759,6759
191,6759,6759
201,6759,6759
211,6759,6759
221,6759,6759
231,6759,6759
241,6759,6759
251,6759,6759
261,6759,6759
271,6759,6759
281,6759,6759
291,6759,6759
301,6759,6759
311,6759,6759
321,6759,6759
331,6759,6759
341,6759,6759
351,6759,6759
361,6759,6759
371,6759,6759
381,6759,6759
391,6759,6759
401,6759,6759
411,6759,6759
421,6759,6759
431,6759,6759
441,6759,6759
451,6759,6759
461,6759,6759
471,6759,6759
481,6759,6759
491,6759,6759
501,6759,6759
511,6759,6759
521,6759,6759
531,6759,6759
541,6759,6759
551,6759,6759
561,6759,6759
571,6759,6759
581,6759,6759
591,6759,6759
601,6759,6759
611,6759,6759
621,6759,6759
631,6759,6759
641,6759,6759
651,6759,6759
661,6759,6759
671,6759,6759
681,6759,6759
691,6759,6759
139,6930,6930
139,6930,6930
139,6930,6930
143,6930,6930
151,6930,6930
161,6930,6930
171,6930,6930
181,6930,6930
191,6930,6930
201,6930,6930
211,6930,6930
221,6930,6930
231,6930,6930
241,6930,6930
251,6930,6930
261,6930,6930
271,6930,6930
281,6930,6930
291,6930,6930
301,6930,6930
311,6930,6930
321,6930,6930
331,6930,6930
341,6930,6930
351,6930,6930
361,6930,6930
371,6930,6930
381,6930,6930
391,6930,6930
401,6930,6930
411,6930,6930
421,6930,6930
431,6930,6930
441,6930,6930
451,6930,6930
461,6930,6930
471,6930,6930
481,6930,6930
491,6930,6930
501,6930,6930
511,6930,6930
521,6930,6930
531,6930,6930
541,6930,6930
551,6930,6930
561,6930,6930
571,6930,6930
581,6930,6930
591,6930,6930
601,6930,6930
611,6930,6930
621,6930,6930
631,6930,6930
641,6930,6930
651,6930,6930
661,6930,6930
671,6930,6930
681,6930,6930
691,6930,6930
701,6930,6930
139,6759,6759
139,6759,6759
139,6759,6759
143,6759,6759
151,6759,6759
161,6759,6759
171,6759,6759
181,6759,6759
191,6759,6759
201,6759,6759
211,6759,6759
221,6759,6759
231,6759,6759
241,6759,6759
251,6759,6759
261,6759,6759
271,6759,6759
281,6759,6759
291,6759,6759
301,6759,6759
311,6759,6759
321,6759,6759
331,6759,6759
341,6759,6759
351,6759,6759
361,6759,6759
371,6759,6759
381,6759,6759
391,6759,6759
401,6759,6759
411,6759,6759
421,6759,6759
431,6759,6759
441,6759,6759
451,6759,6759
461,6759,6759
471,6759,6759
481,6759,6759
491,6759,6759
501,6759,6759
511,6759,6759
521,6759,6759
531,6759,6759
541,6759,6759
551,6759,6759
561,6759,6759
571,6759,6759
581,6759,6759
591,6759,6759
601,6759,6759
611,6759,6759
621,6759,6759
631,6759,6759
641,6759,6759
651,6759,6759
661,6759,6759
671,6759,6759
681,6759,6759
691,6759,6759
100,6912,6912
139,6912,6912
139,6912,6912
139,6912,6912
143,6912,6912
151,6912,6912
161,6912,6912
171,6912,6912
181,6912,6912
191,6912,6912
201,6912,6912
211,6912,6912
221,6912,6912
231,6912,6912
241,6912,6912
251,6912,6912
261,6912,6912
271,6912,6912
281,6912,6912
291,6912,6912
301,6912,6912
311,6912,6912
321,6912,6912
331,6912,6912
341,6912,6912
351,6912,6912
361,6912,6912
371,6912,6912
381,6912,6912
391,6912,6912
401,6912,6912
411,6912,6912
421,6912,6912
431,6912,6912
441,6912,6912
451,6912,6912
461,6912,6912
471,6912,6912
481,6912,6912
491,6912,6912
501,6912,6912
511,6912,6912
521,6912,6912
531,6912,6912
541,6912,6912
551,6912,6912
561,6912,6912
571,6912,6912
581,6912,6912
591,6912,6912
601,6912,6912
611,6912,6912
621,6912,6912
631,6912,6912
641,6912,6912
651,6912,6912
661,6912,6912
671,6912,6912
681,6912,6912
691,6912,6912
139,6759,6759
139,6759,6759
139,6759,6759
143,6759,6759
151,6759,6759
161,6759,6759
171,6759,6759
181,6759,6759
191,6759,6759
201,6759,6759
211,6759,6759
221,6759,6759
231,6759,6759
241,6759,6759
251,6759,6759
261,6759,6759
271,6759,6759
281,6759,6759
291,6759,6759
301,6759,6759
311,6759,6759
321,6759,6759
331,6759,6759
341,6759,6759
343,6759,6759
351,6759,6759
361,6759,6759
371,6759,6759
381,6759,6759
391,6759,6759
401,6759,6759
411,6759,6759
421,6759,6759
431,6759,6759
441,6759,6759
451,6759,6759
461,6759,6759
471,6759,6759
481,6759,6759
491,6759,6759
501,6759,6759
511,6759,6759
521,6759,6759
531,6759,6759
541,6759,6759
551,6759,6759
561,6759,6759
571,6759,6759
581,6759,6759
591,6759,6759
601,6759,6759
611,6759,6759
621,6759,6759
631,6759,6759
641,6759,6759
651,6759,6759
661,6759,6759
671,6759,6759
681,6759,6759
691,6759,6759
100,6895,6895
139,6895,6895
139,6895,6895
139,6895,6895
143,6895,6895
151,6895,6895
161,6895,6895
171,6895,6895
181,6895,6895
191,6895,6895
201,6895,6895
211,6895,6895
221,6895,6895
231,6895,6895
241,6895,6895
251,6895,6895
261,6895,6895
271,6895,6895
281,6895,6895
291,6895,6895
301,6895,6895
311,6895,6895
321,6895,6895
331,6895,6895
341,6895,6895
351,6895,6895
361,6895,6895
371,6895,6895
381,6895,6895
391,6895,6895
401,6895,6895
411,6895,6895
421,6895,6895
431,6895,6895
441,6895,6895
451,6895,6895
461,6895,6895
471,6895,6895
481,6895,6895
491,6895,6895
501,6895,6895
511,6895,6895
521,6895,6895
531,6895,6895
541,6895,6895
551,6895,6895
561,6895,6895
571,6895,6895
581,6895,6895
591,6895,6895
601,6895,6895
611,6895,6895
621,6895,6895
631,6895,6895
641,6895,6895
651,6895,6895
661,6895,6895
671,6895,6895
681,6895,6895
691,6895,6895
100,6759,6759
139,6759,6759
139,6759,6759
139,6759,6759
143,6759,6759
151,6759,6759
161,6759,6759
171,6759,6759
181,6759,6759
191,6759,6759
201,6759,6759
211,6759,6759
221,6759,6759
231,6759,6759
241,6759,6759
251,6759,6759
261,6759,6759
271,6759,6759
281,6759,6759
291,6759,6759
301,6759,6759
311,6759,6759
321,6759,6759
331,6759,6759
341,6759,6759
351,6759,6759
361,6759,6759
371,6759,6759
381,6759,6759
391,6759,6759
401,6759,6759
411,6759,6759
421,6759,6759
431,6759,6759
441,6759,6759
451,6759,6759
461,6759,6759
471,6759,6759
481,6759,6759
491,6759,6759
501,6759,6759
511,6759,6759
521,6759,6759
531,6759,6759
541,6759,6759
551,6759,6759
561,6759,6759
571,6759,6759
581,6759,6759
591,6759,6759
601,6759,6759
611,6759,6759
621,6759,6759
631,6759,6759
641,6759,6759
651,6759,6759
661,6759,6759
671,6759,6759
681,6759,6759
691,6759,6759
139,6878,6878
139,6878,6878
139,6878,6878
143,6878,6878
151,6878,6878
161,6878,6878
171,6878,6878
181,6878,6878
191,6878,6878
201,6878,6878
211,6878,6878
221,6878,6878
231,6878,6878
241,6878,6878
251,6878,6878
261,6878,6878
271,6878,6878
281,6878,6878
291,6878,6878
301,6878,6878
311,6878,6878
321,6878,6878
331,6878,6878
341,6878,6878
351,6878,6878
361,6878,6878
371,6878,6878
381,6878,6878
391,6878,6878
401,6878,6878
411,6878,6878
421,6878,6878
431,6878,6878
441,6878,6878
451,6878,6878
461,6878,6878
471,6878,6878
481,6878,6878
491,6878,6878
501,6878,6878
511,6878,6878
521,6878,6878
531,6878,6878
541,6878,6878
551,6878,6878
561,6878,6878
571,6878,6878
581,6878,6878
591,6878,6878
601,6878,6878
611,6878,6878
621,6878,6878
631,6878,6878
641,6878,6878
651,6878,6878
661,6878,6878
671,6878,6878
681,6878,6878
691,6878,6878
701,6878,6878
139,6759,6759
139,6759,6759
139,6759,6759
143,6759,6759
151,6759,6759
161,6759,6759
171,6759,6759
181,6759,6759
191,6759,6759
201,6759,6759
211,6759,6759
221,6759,6759
231,6759,6759
241,6759,6759
251,6759,6759
261,6759,6759
271,6759,6759
281,6759,6759
291,6759,6759
301,6759,6759
311,6759,6759
321,6759,6759
331,6759,6759
341,6759,6759
351,6759,6759
353,6759,6759
361,6759,6759
371,6759,6759
381,6759,6759
391,6759,6759
401,6759,6759
411,6759,6759
421,6759,6759
431,6759,6759
441,6759,6759
451,6759,6759
461,6759,6759
471,6759,6759
481,6759,6759
491,6759,6759
501,6759,6759
511,6759,6759
521,6759,6759
531,6759,6759
541,6759,6759
551,6759,6759
561,6759,6759
571,6759,6759
581,6759,6759
591,6759,6759
601,6759,6759
611,6759,6759
621,6759,6759
631,6759,6759
641,6759,6759
651,6759,6759
661,6759,6759
671,6759,6759
681,6759,6759
100,6863,6863
139,6863,6863
139,6863,6863
139,6863,6863
143,6863,6863
151,6863,6863
161,6863,6863
171,6863,6863
181,6863,6863
191,6863,6863
201,6863,6863
211,6863,6863
221,6863,6863
231,6863,6863
241,6863,6863
251,6863,6863
261,6863,6863
271,6863,6863
281,6863,6863
291,6863,6863
301,6863,6863
311,6863,6863
321,6863,6863
331,6863,6863
341,6863,6863
351,6863,6863
361,6863,6863
371,6863,6863
381,6863,6863
391,6863,6863
401,6863,6863
411,6863,6863
421,6863,6863
431,6863,6863
441,6863,6863
451,6863,6863
461,6863,6863
471,6863,6863
481,6863,6863
491,6863,6863
501,6863,6863
511,6863,6863
521,6863,6863
531,6863,6863
541,6863,6863
551,6863,6863
561,6863,6863
571,6863,6863
581,6863,6863
591,6863,6863
601,6863,6863
611,6863,6863
621,6863,6863
631,6863,6863
641,6863,6863
651,6863,6863
661,6863,6863
671,6863,6863
681,6863,6863
691,6863,6863
100,6759,6759
139,6759,6759
139,6759,6759
139,6759,6759
143,6759,6759
151,6759,6759
161,6759,6759
171,6759,6759
181,6759,6759
191,6759,6759
201,6759,6759
211,6759,6759
221,6759,6759
231,6759,6759
241,6759,6759
251,6759,6759
261,6759,6759
271,6759,6759
281,6759,6759
291,6759,6759
301,6759,6759
311,6759,6759
321,6759,6759
331,6759,6759
341,6759,6759
351,6759,6759
361,6759,6759
371,6759,6759
381,6759,6759
391,6759,6759
401,6759,6759
411,6759,6759
421,6759,6759
431,6759,6759
441,6759,6759
451,6759,6759
461,6759,6759
471,6759,6759
481,6759,6759
491,6759,6759
501,6759,6759
511,6759,6759
521,6759,6759
531,6759,6759
541,6759,6759
551,6759,6759
561,6759,6759
571,6759,6759
581,6759,6759
591,6759,6759
601,6759,6759
611,6759,6759
621,6759,6759
631,6759,6759
641,6759,6759
651,6759,6759
661,6759,6759
671,6759,6759
681,6759,6759
691,6759,6759
100,6850,6850
139,6850,6850
139,6850,6850
139,6850,6850
143,6850,6850
151,6850,6850
161,6850,6850
171,6850,6850
181,6850,6850
191,6850,6850
201,6850,6850
211,6850,6850
221,6850,6850
231,6850,6850
241,6850,6850
251,6850,6850
261,6850,6850
271,6850,6850
281,6850,6850
291,6850,6850
301,6850,6850
311,6850,6850
321,6850,6850
331,6850,6850
341,6850,6850
351,6850,6850
361,6850,6850
371,6850,6850
381,6850,6850
391,6850,6850
401,6850,6850
411,6850,6850
421,6850,6850
431,6850,6850
441,6850,6850
451,6850,6850
461,6850,6850
471,6850,6850
481,6850,6850
491,6850,6850
501,6850,6850
511,6850,6850
521,6850,6850
531,6850,6850
541,6850,6850
551,6850,6850
561,6850,6850
571,6850,6850
581,6850,6850
591,6850,6850
601,6850,6850
611,6850,6850
621,6850,6850
631,6850,6850
641,6850,6850
651,6850,6850
661,6850,6850
671,6850,6850
681,6850,6850
691,6850,6850
139,6759,6759
139,6759,6759
139,6759,6759
143,6759,6759
151,6759,6759
161,6759,6759
171,6759,6759
181,6759,6759
191,6759,6759
201,6759,6759
211,6759,6759
221,6759,6759
231,6759,6759
241,6759,6759
251,6759,6759
261,6759,6759
271,6759,6759
281,6759,6759
291,6759,6759
301,6759,6759
311,6759,6759
321,6759,6759
331,6759,6759
341,6759,6759
351,6759,6759
361,6759,6759
371,6759,6759
381,6759,6759
391,6759,6759
401,6759,6759
411,6759,6759
421,6759,6759
431,6759,6759
441,6759,6759
451,6759,6759
461,6759,6759
471,6759,6759
481,6759,6759
491,6759,6759
501,6759,6759
511,6759,6759
521,6759,6759
531,6759,6759
541,6759,6759
551,6759,6759
561,6759,6759
571,6759,6759
581,6759,6759
591,6759,6759
601,6759,6759
611,6759,6759
621,6759,6759
631,6759,6759
641,6759,6759
651,6759,6759
661,6759,6759
671,6759,6759
681,6759,6759
691,6759,6759
701,6759,6759
139,6838,6838
139,6838,6838
139,6838,6838
143,6838,6838
151,6838,6838
161,6838,6838
171,6838,6838
181,6838,6838
191,6838,6838
201,6838,6838
211,6838,6838
221,6838,6838
231,6838,6838
241,6838,6838
251,6838,6838
261,6838,6838
271,6838,6838
281,6838,6838
291,6838,6838
301,6838,6838
311,6838,6838
321,6838,6838
331,6838,6838
341,6838,6838
351,6838,6838
361,6838,6838
371,6838,6838
381,6838,6838
391,6838,6838
401,6838,6838
411,6838,6838
421,6838,6838
431,6838,6838
441,6838,6838
451,6838,6838
461,6838,6838
471,6838,6838
481,6838,6838
491,6838,6838
501,6838,6838
511,6838,6838
517,6838,6838
521,6838,6838
531,6838,6838
541,6838,6838
551,6838,6838
561,6838,6838
571,6838,6838
581,6838,6838
591,6838,6838
601,6838,6838
611,6838,6838
621,6838,6838
631,6838,6838
641,6838,6838
651,6838,6838
661,6838,6838
671,6838,6838
681,6838,6838
100,6759,6759
139,6759,6759
139,6759,6759
139,6759,6759
143,6759,6759
151,6759,6759
161,6759,6759
171,6759,6759
181,6759,6759
191,6759,6759
201,6759,6759
211,6759,6759
221,6759,6759
231,6759,6759
241,6759,6759
251,6759,6759
261,6759,6759
271,6759,6759
281,6759,6759
291,6759,6759
301,6759,6759
311,6759,6759
321,6759,6759
331,6759,6759
341,6759,6759
351,6759,6759
361,6759,6759
371,6759,6759
381,6759,6759
391,6759,6759
401,6759,6759
411,6759,6759
421,6759,6759
431,6759,6759
441,6759,6759
451,6759,6759
461,6759,6759
471,6759,6759
481,6759,6759
491,6759,6759
501,6759,6759
511,6759,6759
521,6759,6759
531,6759,6759
541,6759,6759
551,6759,6759
561,6759,6759
571,6759,6759
581,6759,6759
591,6759,6759
601,6759,6759
611,6759,6759
621,6759,6759
631,6759,6759
641,6759,6759
651,6759,6759
661,6759,6759
671,6759,6759
681,6759,6759
691,6759,6759
100,6827,6827
139,6827,6827
139,6827,6827
139,6827,6827
143,6827,6827
151,6827,6827
161,6827,6827
171,6827,6827
181,6827,6827
191,6827,6827
201,6827,6827
211,6827,6827
221,6827,6827
231,6827,6827
241,6827,6827
251,6827,6827
261,6827,6827
271,6827,6827
281,6827,6827
291,6827,6827
301,6827,6827
311,6827,6827
321,6827,6827
331,6827,6827
341,6827,6827
351,6827,6827
361,6827,6827
371,6827,6827
381,6827,6827
391,6827,6827
401,6827,6827
411,6827,6827
421,6827,6827
431,6827,6827
441,6827,6827
451,6827,6827
461,6827,6827
471,6827,6827
481,6827,6827
491,6827,6827
501,6827,6827
511,6827,6827
521,6827,6827
531,6827,6827
541,6827,6827
551,6827,6827
561,6827,6827
571,6827,6827
581,6827,6827
591,6827,6827
601,6827,6827
611,6827,6827
621,6827,6827
631,6827,6827
641,6827,6827
651,6827,6827
661,6827,6827
671,6827,6827
681,6827,6827
691,6827,6827
100,6759,6759
139,6759,6759
139,6759,6759
139,6759,6759
143,6759,6759
151,6759,6759
161,6759,6759
171,6759,6759
181,6759,6759
191,6759,6759
201,6759,6759
211,6759,6759
221,6759,6759
231,6759,6759
241,6759,6759
251,6759,6759
261,6759,6759
271,6759,6759
281,6759,6759
291,6759,6759
301,6759,6759
311,6759,6759
321,6759,6759
331,6759,6759
341,6759,6759
351,6759,6759
361,6759,6759
371,6759,6759
381,6759,6759
391,6759,6759
401,6759,6759
411,6759,6759
421,6759,6759
431,6759,6759
441,6759,6759
451,6759,6759
461,6759,6759
471,6759,6759
481,6759,6759
491,6759,6759
501,6759,6759
511,6759,6759
521,6759,6759
531,6759,6759
541,6759,6759
551,6759,6759
561,6759,6759
571,6759,6759
581,6759,6759
591,6759,6759
601,6759,6759
611,6759,6759
621,6759,6759
631,6759,6759
641,6759,6759
651,6759,6759
661,6759,6759
671,6759,6759
681,6759,6759
691,6759,6759
139,6818,6818
139,6818,6818
139,6818,6818
143,6818,6818
151,6818,6818
161,6818,6818
171,6818,6818
181,6818,6818
191,6818,6818
201,6818,6818
211,6818,6818
221,6818,6818
231,6818,6818
241,6818,6818
251,6818,6818
261,6818,6818
271,6818,6818
281,6818,6818
291,6818,6818
301,6818,6818
311,6818,6818
321,6818,6818
331,6818,6818
341,6818,6818
351,6818,6818
361,6818,6818
371,6818,6818
381,6818,6818
391,6818,6818
401,6818,6818
411,6818,6818
421,6818,6818
431,6818,6818
441,6818,6818
451,6818,6818
461,6818,6818
471,6818,6818
481,6818,6818
491,6818,6818
501,6818,6818
511,6818,6818
521,6818,6818
531,6818,6818
541,6818,6818
551,6818,6818
561,6818,6818
571,6818,6818
581,6818,6818
591,6818,6818
601,6818,6818
611,6818,6818
621,6818,6818
631,6818,6818
641,6818,6818
651,6818,6818
661,6818,6818
671,6818,6818
681,6818,6818
691,6818,6818
701,6818,6818
139,6759,6759
139,6759,6759
139,6759,6759
143,6759,6759
151,6759,6759
161,6759,6759
171,6759,6759
181,6759,6759
191,6759,6759
201,6759,6759
211,6759,6759
221,6759,6759
231,6759,6759
241,6759,6759
251,6759,6759
261,6759,6759
271,6759,6759
281,6759,6759
291,6759,6759
301,6759,6759
311,6759,6759
321,6759,6759
331,6759,6759
341,6759,6759
351,6759,6759
361,6759,6759
371,6759,6759
381,6759,6759
391,6759,6759
401,6759,6759
411,6759,6759
421,6759,6759
431,6759,6759
441,6759,6759
451,6759,6759
461,6759,6759
471,6759,6759
481,6759,6759
491,6759,6759
501,6759,6759
511,6759,6759
521,6759,6759
531,6759,6759
541,6759,6759
551,6759,6759
561,6759,6759
571,6759,6759
581,6759,6759
591,6759,6759
601,6759,6759
611,6759,6759
621,6759,6759
631,6759,6759
641,6759,6759
651,6759,6759
661,6759,6759
671,6759,6759
681,6759,6759
691,6759,6759
100,6809,6809
139,6809,6809
139,6809,6809
139,6809,6809
143,6809,6809
151,6809,6809
161,6809,6809
171,6809,6809
181,6809,6809
191,6809,6809
201,6809,6809
211,6809,6809
221,6809,6809
231,6809,6809
241,6809,6809
251,6809,6809
251,6809,6809
261,6809,6809
271,6809,6809
281,6809,6809
291,6809,6809
301,6809,6809
311,6809,6809
321,6809,6809
331,6809,6809
341,6809,6809
351,6809,6809
361,6809,6809
371,6809,6809
381,6809,6809
391,6809,6809
401,6809,6809
411,6809,6809
421,6809,6809
431,6809,6809
441,6809,6809
451,6809,6809
461,6809,6809
471,6809,6809
481,6809,6809
491,6809,6809
501,6809,6809
511,6809,6809
521,6809,6809
531,6809,6809
541,6809,6809
551,6809,6809
561,6809,6809
571,6809,6809
581,6809,6809
591,6809,6809
601,6809,6809
611,6809,6809
621,6809,6809
631,6809,6809
641,6809,6809
651,6809,6809
661,6809,6809
671,6809,6809
681,6809,6809
100,6759,6759
139,6759,6759
139,6759,6759
139,6759,6759
143,6759,6759
151,6759,6759
161,6759,6759
171,6759,6759
181,6759,6759
191,6759,6759
201,6759,6759
211,6759,6759
221,6759,6759
231,6759,6759
241,6759,6759
251,6759,6759
261,6759,6759
271,6759,6759
281,6759,6759
291,6759,6759
301,6759,6759
311,6759,6759
321,6759,6759
331,6759,6759
341,6759,6759
351,6759,6759
361,6759,6759
371,6759,6759
381,6759,6759
391,6759,6759
401,6759,6759
411,6759,6759
421,6759,6759
431,6759,6759
441,6759,6759
451,6759,6759
461,6759,6759
471,6759,6759
481,6759,6759
491,6759,6759
501,6759,6759
511,6759,6759
521,6759,6759
531,6759,6759
541,6759,6759
551,6759,6759
561,6759,6759
571,6759,6759
581,6759,6759
591,6759,6759
601,6759,6759
611,6759,6759
621,6759,6759
631,6759,6759
641,6759,6759
651,6759,6759
661,6759,6759
671,6759,6759
681,6759,6759
691,6759,6759
100,6801,6801
139,6801,6801
139,6801,6801
139,6801,6801
143,6801,6801
151,6801,6801
161,6801,6801
171,6801,6801
181,6801,6801
191,6801,6801
201,6801,6801
211,6801,6801
221,6801,6801
231,6801,6801
241,6801,6801
251,6801,6801
261,6801,6801
271,6801,6801
281,6801,6801
291,6801,6801
301,6801,6801
311,6801,6801
321,6801,6801
331,6801,6801
341,6801,6801
351,6801,6801
361,6801,6801
371,6801,6801
381,6801,6801
391,6801,6801
401,6801,6801
411,6801,6801
421,6801,6801
431,6801,6801
441,6801,6801
451,6801,6801
461,6801,6801
471,6801,6801
481,6801,6801
491,6801,6801
501,6801,6801
511,6801,6801
521,6801,6801
531,6801,6801
541,6801,6801
551,6801,6801
561,6801,6801
571,6801,6801
581,6801,6801
591,6801,6801
601,6801,6801
611,6801,6801
621,6801,6801
631,6801,6801
641,6801,6801
651,6801,6801
661,6801,6801
671,6801,6801
681,6801,6801
691,6801,6801
139,6759,6759
139,6759,6759
139,6759,6759
143,6759,6759
151,6759,6759
161,6759,6759
171,6759,6759
181,6759,6759
191,6759,6759
201,6759,6759
211,6759,6759
221,6759,6759
231,6759,6759
241,6759,6759
251,6759,6759
261,6759,6759
271,6759,6759
281,6759,6759
291,6759,6759
301,6759,6759
311,6759,6759
321,6759,6759
331,6759,6759
341,6759,6759
351,6759,6759
361,6759,6759
371,6759,6759
381,6759,6759
391,6759,6759
401,6759,6759
411,6759,6759
421,6759,6759
431,6759,6759
441,6759,6759
451,6759,6759
461,6759,6759
471,6759,6759
481,6759,6759
491,6759,6759
501,6759,6759
511,6759,6759
521,6759,6759
531,6759,6759
541,6759,6759
551,6759,6759
561,6759,6759
571,6759,6759
581,6759,6759
591,6759,6759
601,6759,6759
611,6759,6759
621,6759,6759
631,6759,6759
641,6759,6759
651,6759,6759
661,6759,6759
671,6759,6759
681,6759,6759
691,6759,6759
701,6759,6759
139,6795,6795
139,6795,6795
139,6795,6795
143,6795,6795
151,6795,6795
161,6795,6795
171,6795,6795
181,6795,6795
191,6795,6795
201,6795,6795
211,6795,6795
221,6795,6795
231,6795,6795
241,6795,6795
251,6795,6795
261,6795,6795
271,6795,6795
281,6795,6795
291,6795,6795
301,6795,6795
311,6795,6795
321,6795,6795
331,6795,6795
341,6795,6795
351,6795,6795
361,6795,6795
371,6795,6795
381,6795,6795
391,6795,6795
401,6795,6795
411,6795,6795
421,6795,6795
431,6795,6795
441,6795,6795
451,6795,6795
461,6795,6795
471,6795,6795
481,6795,6795
491,6795,6795
501,6795,6795
511,6795,6795
521,6795,6795
531,6795,6795
541,6795,6795
551,6795,6795
561,6795,6795
571,6795,6795
581,6795,6795
591,6795,6795
601,6795,6795
611,6795,6795
621,6795,6795
631,6795,6795
641,6795,6795
651,6795,6795
661,6795,6795
671,6795,6795
681,6795,6795
691,6795,6795
701,6795,6795
139,6759,6759
139,6759,6759
139,6759,6759
143,6759,6759
151,6759,6759
161,6759,6759
171,6759,6759
181,6759,6759
191,6759,6759
201,6759,6759
211,6759,6759
221,6759,6759
231,6759,6759
241,6759,6759
251,6759,6759
261,6759,6759
271,6759,6759
281,6759,6759
291,6759,6759
301,6759,6759
311,6759,6759
321,6759,6759
331,6759,6759
341,6759,6759
351,6759,6759
361,6759,6759
371,6759,6759
381,6759,6759
391,6759,6759
401,6759,6759
411,6759,6759
421,6759,6759
431,6759,6759
441,6759,6759
451,6759,6759
461,6759,6759
471,6759,6759
481,6759,6759
491,6759,6759
501,6759,6759
511,6759,6759
521,6759,6759
531,6759,6759
541,6759,6759
551,6759,6759
561,6759,6759
571,6759,6759
581,6759,6759
591,6759,6759
601,6759,6759
611,6759,6759
621,6759,6759
631,6759,6759
641,6759,6759
651,6759,6759
661,6759,6759
671,6759,6759
681,6759,6759
681,6759,6759
100,6790,6790
139,6790,6790
139,6790,6790
139,6790,6790
143,6790,6790
151,6790,6790
161,6790,6790
171,6790,6790
181,6790,6790
191,6790,6790
201,6790,6790
211,6790,6790
221,6790,6790
231,6790,6790
241,6790,6790
251,6790,6790
261,6790,6790
271,6790,6790
281,6790,6790
291,6790,6790
301,6790,6790
311,6790,6790
321,6790,6790
331,6790,6790
341,6790,6790
351,6790,6790
361,6790,6790
371,6790,6790
381,6790,6790
391,6790,6790
401,6790,6790
411,6790,6790
421,6790,6790
431,6790,6790
441,6790,6790
451,6790,6790
461,6790,6790
471,6790,6790
481,6790,6790
491,6790,6790
501,6790,6790
511,6790,6790
521,6790,6790
531,6790,6790
541,6790,6790
551,6790,6790
561,6790,6790
571,6790,6790
581,6790,6790
591,6790,6790
601,6790,6790
611,6790,6790
621,6790,6790
631,6790,6790
641,6790,6790
651,6790,6790
661,6790,6790
671,6790,6790
681,6790,6790
691,6790,6790
100,6759,6759
139,6759,6759
139,6759,6759
139,6759,6759
143,6759,6759
151,6759,6759
161,6759,6759
171,6759,6759
181,6759,6759
191,6759,6759
201,6759,6759
211,6759,6759
221,6759,6759
231,6759,6759
241,6759,6759
251,6759,6759
261,6759,6759
271,6759,6759
281,6759,6759
291,6759,6759
301,6759,6759
311,6759,6759
321,6759,6759
331,6759,6759
341,6759,6759
351,6759,6759
361,6759,6759
371,6759,6759
381,6759,6759
391,6759,6759
401,6759,6759
411,6759,6759
421,6759,6759
431,6759,6759
441,6759,6759
451,6759,6759
461,6759,6759
471,6759,6759
481,6759,6759
491,6759,6759
501,6759,6759
511,6759,6759
521,6759,6759
531,6759,6759
541,6759,6759
551,6759,6759
561,6759,6759
571,6759,6759
581,6759,6759
591,6759,6759
601,6759,6759
611,6759,6759
621,6759,6759
631,6759,6759
641,6759,6759
651,6759,6759
661,6759,6759
671,6759,6759
681,6759,6759
691,6759,6759
100,6785,6785
139,6785,6785
139,6785,6785
139,6785,6785
143,6785,6785
151,6785,6785
161,6785,6785
171,6785,6785
181,6785,6785
191,6785,6785
201,6785,6785
211,6785,6785
221,6785,6785
231,6785,6785
241,6785,6785
251,6785,6785
261,6785,6785
271,6785,6785
281,6785,6785
291,6785,6785
301,6785,6785
311,6785,6785
321,6785,6785
331,6785,6785
341,6785,6785
351,6785,6785
361,6785,6785
371,6785,6785
381,6785,6785
391,6785,6785
401,6785,6785
411,6785,6785
421,6785,6785
431,6785,6785
441,6785,6785
451,6785,6785
461,6785,6785
471,6785,6785
481,6785,6785
491,6785,6785
501,6785,6785
511,6785,6785
521,6785,6785
531,6785,6785
541,6785,6785
551,6785,6785
561,6785,6785
571,6785,6785
581,6785,6785
591,6785,6785
601,6785,6785
611,6785,6785
621,6785,6785
631,6785,6785
641,6785,6785
651,6785,6785
661,6785,6785
671,6785,6785
681,6785,6785
691,6785,6785
139,6759,6759
139,6759,6759
139,6759,6759
143,6759,6759
151,6759,6759
161,6759,6759
171,6759,6759
181,6759,6759
191,6759,6759
201,6759,6759
211,6759,6759
221,6759,6759
231,6759,6759
241,6759,6759
251,6759,6759
261,6759,6759
271,6759,6759
281,6759,6759
291,6759,6759
301,6759,6759
311,6759,6759
321,6759,6759
331,6759,6759
341,6759,6759
351,6759,6759
361,6759,6759
371,6759,6759
381,6759,6759
391,6759,6759
401,6759,6759
411,6759,6759
421,6759,6759
431,6759,6759
441,6759,6759
451,6759,6759
461,6759,6759
471,6759,6759
481,6759,6759
491,6759,6759
501,6759,6759
511,6759,6759
521,6759,6759
531,6759,6759
541,6759,6759
551,6759,6759
561,6759,6759
571,6759,6759
581,6759,6759
591,6759,6759
601,6759,6759
611,6759,6759
621,6759,6759
631,6759,6759
641,6759,6759
651,6759,6759
661,6759,6759
671,6759,6759
681,6759,6759
691,6759,6759
701,6759,6759
139,6781,6781
139,6781,6781
139,6781,6781
143,6781,6781
151,6781,6781
161,6781,6781
171,6781,6781
181,6781,6781
191,6781,6781
201,6781,6781
211,6781,6781
221,6781,6781
231,6781,6781
241,6781,6781
251,6781,6781
261,6781,6781
271,6781,6781
281,6781,6781
291,6781,6781
301,6781,6781
311,6781,6781
321,6781,6781
331,6781,6781
341,6781,6781
351,6781,6781
361,6781,6781
371,6781,6781
381,6781,6781
391,6781,6781
401,6781,6781
411,6781,6781
421,6781,6781
431,6781,6781
441,6781,6781
451,6781,6781
461,6781,6781
471,6781,6781
481,6781,6781
491,6781,6781
501,6781,6781
511,6781,6781
521,6781,6781
531,6781,6781
541,6781,6781
551,6781,6781
561,6781,6781
571,6781,6781
581,6781,6781
591,6781,6781
601,6781,6781
611,6781,6781
621,6781,6781
631,6781,6781
641,6781,6781
651,6781,6781
661,6781,6781
671,6781,6781
681,6781,6781
691,6781,6781
100,6759,6759
139,6759,6759
139,6759,6759
139,6759,6759
143,6759,6759
151,6759,6759
161,6759,6759
171,6759,6759
181,6759,6759
191,6759,6759
201,6759,6759
211,6759,6759
221,6759,6759
231,6759,6759
241,6759,6759
251,6759,6759
261,6759,6759
271,6759,6759
281,6759,6759
291,6759,6759
301,6759,6759
311,6759,6759
321,6759,6759
331,6759,6759
341,6759,6759
351,6759,6759
361,6759,6759
371,6759,6759
381,6759,6759
391,6759,6759
401,6759,6759
411,6759,6759
421,6759,6759
431,6759,6759
441,6759,6759
451,6759,6759
461,6759,6759
471,6759,6759
481,6759,6759
491,6759,6759
501,6759,6759
511,6759,6759
521,6759,6759
531,6759,6759
541,6759,6759
551,6759,6759
561,6759,6759
571,6759,6759
581,6759,6759
591,6759,6759
601,6759,6759
611,6759,6759
621,6759,6759
631,6759,6759
641,6759,6759
651,6759,6759
661,6759,6759
671,6759,6759
681,6759,6759
691,6759,6759
139,6777,6777
139,6777,6777
139,6777,6777
143,6777,6777
151,6777,6777
161,6777,6777
171,6777,6777
181,6777,6777
191,6777,6777
201,6777,6777
211,6777,6777
221,6777,6777
221,6777,6777
231,6777,6777
241,6777,6777
251,6777,6777
261,6777,6777
271,6777,6777
281,6777,6777
291,6777,6777
301,6777,6777
311,6777,6777
321,6777,6777
331,6777,6777
341,6777,6777
351,6777,6777
361,6777,6777
371,6777,6777
381,6777,6777
391,6777,6777
401,6777,6777
411,6777,6777
421,6777,6777
431,6777,6777
441,6777,6777
451,6777,6777
461,6777,6777
471,6777,6777
481,6777,6777
491,6777,6777
501,6777,6777
511,6777,6777
521,6777,6777
531,6777,6777
541,6777,6777
551,6777,6777
561,6777,6777
571,6777,6777
581,6777,6777
591,6777,6777
601,6777,6777
611,6777,6777
621,6777,6777
631,6777,6777
641,6777,6777
651,6777,6777
661,6777,6777
671,6777,6777
681,6777,6777
691,6777,6777
100,6759,6759
139,6759,6759
139,6759,6759
139,6759,6759
143,6759,6759
151,6759,6759
161,6759,6759
171,6759,6759
181,6759,6759
191,6759,6759
201,6759,6759
211,6759,6759
221,6759,6759
231,6759,6759
241,6759,6759
251,6759,6759
261,6759,6759
271,6759,6759
281,6759,6759
291,6759,6759
301,6759,6759
311,6759,6759
321,6759,6759
331,6759,6759
341,6759,6759
351,6759,6759
361,6759,6759
371,6759,6759
381,6759,6759
391,6759,6759
401,6759,6759
411,6759,6759
421,6759,6759
431,6759,6759
441,6759,6759
451,6759,6759
461,6759,6759
471,6759,6759
481,6759,6759
491,6759,6759
501,6759,6759
511,6759,6759
521,6759,6759
531,6759,6759
541,6759,6759
551,6759,6759
561,6759,6759
571,6759,6759
581,6759,6759
591,6759,6759
601,6759,6759
611,6759,6759
621,6759,6759
631,6759,6759
641,6759,6759
651,6759,6759
661,6759,6759
671,6759,6759
681,6759,6759
691,6759,6759
100,6775,6775
139,6775,6775
139,6775,6775
139,6775,6775
143,6775,6775
151,6775,6775
161,6775,6775
171,6775,6775
181,6775,6775
191,6775,6775
201,6775,6775
211,6775,6775
221,6775,6775
231,6775,6775
241,6775,6775
251,6775,6775
261,6775,6775
271,6775,6775
281,6775,6775
291,6775,6775
301,6775,6775
311,6775,6775
321,6775,6775
331,6775,6775
341,6775,6775
351,6775,6775
361,6775,6775
371,6775,6775
381,6775,6775
391,6775,6775
401,6775,6775
411,6775,6775
421,6775,6775
431,6775,6775
441,6775,6775
451,6775,6775
461,6775,6775
471,6775,6775
481,6775,6775
491,6775,6775
501,6775,6775
511,6775,6775
521,6775,6775
531,6775,6775
541,6775,6775
551,6775,6775
561,6775,6775
571,6775,6775
581,6775,6775
591,6775,6775
601,6775,6775
611,6775,6775
621,6775,6775
631,6775,6775
641,6775,6775
651,6775,6775
661,6775,6775
671,6775,6775
681,6775,6775
691,6775,6775
139,6759,6759
139,6759,6759
139,6759,6759
143,6759,6759
151,6759,6759
161,6759,6759
171,6759,6759
181,6759,6759
191,6759,6759
201,6759,6759
211,6759,6759
221,6759,6759
231,6759,6759
241,6759,6759
251,6759,6759
261,6759,6759
271,6759,6759
281,6759,6759
291,6759,6759
301,6759,6759
311,6759,6759
321,6759,6759
331,6759,6759
341,6759,6759
351,6759,6759
361,6759,6759
371,6759,6759
381,6759,6759
391,6759,6759
401,6759,6759
411,6759,6759
421,6759,6759
431,6759,6759
441,6759,6759
451,6759,6759
461,6759,6759
471,6759,6759
481,6759,6759
491,6759,6759
501,6759,6759
511,6759,6759
521,6759,6759
531,6759,6759
541,6759,6759
551,6759,6759
561,6759,6759
571,6759,6759
581,6759,6759
591,6759,6759
601,6759,6759
611,6759,6759
621,6759,6759
631,6759,6759
641,6759,6759
651,6759,6759
661,6759,6759
671,6759,6759
681,6759,6759
691,6759,6759
701,6759,6759
139,6773,6773
139,6773,6773
139,6773,6773
143,6773,6773
151,6773,6773
161,6773,6773
171,6773,6773
181,6773,6773
191,6773,6773
201,6773,6773
211,6773,6773
221,6773,6773
231,6773,6773
241,6773,6773
251,6773,6773
261,6773,6773
271,6773,6773
281,6773,6773
291,6773,6773
301,6773,6773
311,6773,6773
321,6773,6773
331,6773,6773
341,6773,6773
351,6773,6773
361,6773,6773
371,6773,6773
381,6773,6773
391,6773,6773
401,6773,6773
411,6773,6773
421,6773,6773
431,6773,6773
441,6773,6773
451,6773,6773
461,6773,6773
471,6773,6773
481,6773,6773
491,6773,6773
501,6773,6773
511,6773,6773
521,6773,6773
531,6773,6773
541,6773,6773
551,6773,6773
561,6773,6773
571,6773,6773
581,6773,6773
591,6773,6773
601,6773,6773
611,6773,6773
621,6773,6773
631,6773,6773
641,6773,6773
651,6773,6773
661,6773,6773
671,6773,6773
681,6773,6773
691,6773,6773
701,6773,6773
139,6759,6759
139,6759,6759
139,6759,6759
143,6759,6759
151,6759,6759
161,6759,6759
171,6759,6759
181,6759,6759
191,6759,6759
201,6759,6759
211,6759,6759
221,6759,6759
231,6759,6759
241,6759,6759
251,6759,6759
261,6759,6759
263,6759,6759
271,6759,6759
281,6759,6759
291,6759,6759
301,6759,6759
311,6759,6759
321,6759,6759
331,6759,6759
341,6759,6759
351,6759,6759
361,6759,6759
371,6759,6759
381,6759,6759
391,6759,6759
401,6759,6759
411,6759,6759
421,6759,6759
431,6759,6759
441,6759,6759
451,6759,6759
461,6759,6759
471,6759,6759
481,6759,6759
491,6759,6759
501,6759,6759
511,6759,6759
521,6759,6759
531,6759,6759
541,6759,6759
551,6759,6759
561,6759,6759
571,6759,6759
581,6759,6759
591,6759,6759
601,6759,6759
611,6759,6759
621,6759,6759
631,6759,6759
641,6759,6759
651,6759,6759
661,6759,6759
671,6759,6759
681,6759,6759
100,6770,6770
139,6770,6770
139,6770,6770
139,6770,6770
143,6770,6770
151,6770,6770
161,6770,6770
171,6770,6770
181,6770,6770
191,6770,6770
201,6770,6770
211,6770,6770
221,6770,6770
231,6770,6770
241,6770,6770
251,6770,6770
261,6770,6770
271,6770,6770
281,6770,6770
291,6770,6770
301,6770,6770
311,6770,6770
321,6770,6770
331,6770,6770
341,6770,6770
351,6770,6770
361,6770,6770
371,6770,6770
381,6770,6770
391,6770,6770
401,6770,6770
411,6770,6770
421,6770,6770
431,6770,6770
441,6770,6770
451,6770,6770
461,6770,6770
471,6770,6770
481,6770,6770
491,6770,6770
501,6770,6770
511,6770,6770
521,6770,6770
531,6770,6770
541,6770,6770
551,6770,6770
561,6770,6770
571,6770,6770
581,6770,6770
591,6770,6770
601,6770,6770
611,6770,6770
621,6770,6770
631,6770,6770
641,6770,6770
651,6770,6770
661,6770,6770
671,6770,6770
681,6770,6770
691,6770,6770
100,6759,6759
139,6759,6759
139,6759,6759
139,6759,6759
143,6759,6759
151,6759,6759
161,6759,6759
171,6759,6759
181,6759,6759
191,6759,6759
201,6759,6759
211,6759,6759
221,6759,6759
231,6759,6759
241,6759,6759
251,6759,6759
261,6759,6759
271,6759,6759
281,6759,6759
291,6759,6759
301,6759,6759
311,6759,6759
321,6759,6759
331,6759,6759
341,6759,6759
351,6759,6759
361,6759,6759
371,6759,6759
381,6759,6759
391,6759,6759
401,6759,6759
411,6759,6759
421,6759,6759
431,6759,6759
441,6759,6759
451,6759,6759
461,6759,6759
471,6759,6759
481,6759,6759
491,6759,6759
501,6759,6759
511,6759,6759
521,6759,6759
531,6759,6759
541,6759,6759
551,6759,6759
561,6759,6759
571,6759,6759
581,6759,6759
591,6759,6759
601,6759,6759
611,6759,6759
621,6759,6759
631,6759,6759
641,6759,6759
651,6759,6759
661,6759,6759
671,6759,6759
681,6759,6759
691,6759,6759
100,6768,6768
139,6768,6768
139,6768,6768
139,6768,6768
143,6768,6768
151,6768,6768
161,6768,6768
171,6768,6768
181,6768,6768
191,6768,6768
201,6768,6768
211,6768,6768
221,6768,6768
231,6768,6768
241,6768,6768
251,6768,6768
261,6768,6768
271,6768,6768
281,6768,6768
291,6768,6768
301,6768,6768
311,6768,6768
321,6768,6768
331,6768,6768
341,6768,6768
351,6768,6768
361,6768,6768
371,6768,6768
381,6768,6768
391,6768,6768
401,6768,6768
411,6768,6768
421,6768,6768
431,6768,6768
441,6768,6768
451,6768,6768
461,6768,6768
471,6768,6768
481,6768,6768
491,6768,6768
501,6768,6768
511,6768,6768
521,6768,6768
531,6768,6768
541,6768,6768
551,6768,6768
561,6768,6768
571,6768,6768
581,6768,6768
591,6768,6768
601,6768,6768
611,6768,6768
621,6768,6768
631,6768,6768
641,6768,6768
651,6768,6768
661,6768,6768
671,6768,6768
681,6768,6768
691,6768,6768
139,6759,6759
139,6759,6759
139,6759,6759
143,6759,6759
151,6759,6759
161,6759,6759
171,6759,6759
181,6759,6759
191,6759,6759
201,6759,6759
211,6759,6759
221,6759,6759
231,6759,6759
241,6759,6759
251,6759,6759
261,6759,6759
271,6759,6759
281,6759,6759
291,6759,6759
301,6759,6759
311,6759,6759
321,6759,6759
331,6759,6759
341,6759,6759
351,6759,6759
361,6759,6759
371,6759,6759
381,6759,6759
391,6759,6759
401,6759,6759
411,6759,6759
421,6759,6759
431,6759,6759
441,6759,6759
451,6759,6759
461,6759,6759
471,6759,6759
481,6759,6759
491,6759,6759
501,6759,6759
511,6759,6759
521,6759,6759
531,6759,6759
541,6759,6759
551,6759,6759
561,6759,6759
571,6759,6759
581,6759,6759
591,6759,6759
601,6759,6759
611,6759,6759
621,6759,6759
631,6759,6759
641,6759,6759
651,6759,6759
661,6759,6759
671,6759,6759
681,6759,6759
691,6759,6759
701,6759,6759
139,6767,6767
139,6767,6767
139,6767,6767
143,6767,6767
151,6767,6767
161,6767,6767
171,6767,6767
181,6767,6767
191,6767,6767
201,6767,6767
211,6767,6767
221,6767,6767
231,6767,6767
241,6767,6767
251,6767,6767
261,6767,6767
271,6767,6767
281,6767,6767
291,6767,6767
301,6767,6767
311,6767,6767
321,6767,6767
331,6767,6767
341,6767,6767
351,6767,6767
361,6767,6767
371,6767,6767
381,6767,6767
391,6767,6767
401,6767,6767
411,6767,6767
421,6767,6767
431,6767,6767
441,6767,6767
451,6767,6767
461,6767,6767
471,6767,6767
481,6767,6767
491,6767,6767
501,6767,6767
511,6767,6767
521,6767,6767
531,6767,6767
541,6767,6767
551,6767,6767
561,6767,6767
571,6767,6767
581,6767,6767
591,6767,6767
601,6767,6767
611,6767,6767
621,6767,6767
631,6767,6767
641,6767,6767
651,6767,6767
661,6767,6767
671,6767,6767
681,6767,6767
691,6767,6767
100,6759,6759
139,6759,6759
139,6759,6759
139,6759,6759
143,6759,6759
151,6759,6759
161,6759,6759
171,6759,6759
181,6759,6759
191,6759,6759
201,6759,6759
211,6759,6759
221,6759,6759
231,6759,6759
241,6759,6759
251,6759,6759
261,6759,6759
271,6759,6759
281,6759,6759
291,6759,6759
293,6759,6759
301,6759,6759
311,6759,6759
321,6759,6759
331,6759,6759
341,6759,6759
351,6759,6759
361,6759,6759
371,6759,6759
381,6759,6759
391,6759,6759
401,6759,6759
411,6759,6759
421,6759,6759
431,6759,6759
441,6759,6759
451,6759,6759
461,6759,6759
471,6759,6759
481,6759,6759
491,6759,6759
501,6759,6759
511,6759,6759
521,6759,6759
531,6759,6759
541,6759,6759
551,6759,6759
561,6759,6759
571,6759,6759
581,6759,6759
591,6759,6759
601,6759,6759
611,6759,6759
621,6759,6759
631,6759,6759
641,6759,6759
651,6759,6759
661,6759,6759
671,6759,6759
681,6759,6759
100,6766,6766
139,6766,6766
139,6766,6766
139,6766,6766
143,6766,6766
151,6766,6766
161,6766,6766
171,6766,6766
181,6766,6766
191,6766,6766
201,6766,6766
211,6766,6766
221,6766,6766
231,6766,6766
241,6766,6766
251,6766,6766
261,6766,6766
271,6766,6766
281,6766,6766
291,6766,6766
301,6766,6766
311,6766,6766
321,6766,6766
331,6766,6766
341,6766,6766
351,6766,6766
361,6766,6766
371,6766,6766
381,6766,6766
391,6766,6766
401,6766,6766
411,6766,6766
421,6766,6766
431,6766,6766
441,6766,6766
451,6766,6766
461,6766,6766
471,6766,6766
481,6766,6766
491,6766,6766
501,6766,6766
511,6766,6766
521,6766,6766
531,6766,6766
541,6766,6766
551,6766,6766
561,6766,6766
571,6766,6766
581,6766,6766
591,6766,6766
601,6766,6766
611,6766,6766
621,6766,6766
631,6766,6766
641,6766,6766
651,6766,6766
661,6766,6766
671,6766,6766
681,6766,6766
691,6766,6766
100,6759,6759
139,6759,6759
139,6759,6759
139,6759,6759
143,6759,6759
151,6759,6759
161,6759,6759
171,6759,6759
181,6759,6759
191,6759,6759
201,6759,6759
211,6759,6759
221,6759,6759
231,6759,6759
241,6759,6759
251,6759,6759
261,6759,6759
271,6759,6759
281,6759,6759
291,6759,6759
301,6759,6759
311,6759,6759
321,6759,6759
331,6759,6759
341,6759,6759
351,6759,6759
361,6759,6759
371,6759,6759
381,6759,6759
391,6759,6759
401,6759,6759
411,6759,6759
421,6759,6759
431,6759,6759
441,6759,6759
451,6759,6759
461,6759,6759
471,6759,6759
481,6759,6759
491,6759,6759
501,6759,6759
511,6759,6759
521,6759,6759
531,6759,6759
541,6759,6759
551,6759,6759
561,6759,6759
571,6759,6759
581,6759,6759
591,6759,6759
601,6759,6759
611,6759,6759
621,6759,6759
631,6759,6759
641,6759,6759
651,6759,6759
661,6759,6759
671,6759,6759
681,6759,6759
691,6759,6759
100,6765,6765
139,6765,6765
139,6765,6765
139,6765,6765
143,6765,6765
151,6765,6765
161,6765,6765
171,6765,6765
181,6765,6765
191,6765,6765
201,6765,6765
211,6765,6765
221,6765,6765
231,6765,6765
241,6765,6765
251,6765,6765
261,6765,6765
271,6765,6765
281,6765,6765
291,6765,6765
301,6765,6765
311,6765,6765
321,6765,6765
331,6765,6765
341,6765,6765
351,6765,6765
361,6765,6765
371,6765,6765
381,6765,6765
391,6765,6765
401,6765,6765
411,6765,6765
421,6765,6765
431,6765,6765
441,6765,6765
451,6765,6765
461,6765,6765
471,6765,6765
481,6765,6765
491,6765,6765
501,6765,6765
511,6765,6765
521,6765,6765
531,6765,6765
541,6765,6765
551,6765,6765
561,6765,6765
571,6765,6765
581,6765,6765
591,6765,6765
601,6765,6765
611,6765,6765
621,6765,6765
631,6765,6765
641,6765,6765
651,6765,6765
661,6765,6765
671,6765,6765
681,6765,6765
691,6765,6765
139,6759,6759
139,6759,6759
139,6759,6759
143,6759,6759
151,6759,6759
161,6759,6759
171,6759,6759
181,6759,6759
191,6759,6759
201,6759,6759
211,6759,6759
221,6759,6759
231,6759,6759
241,6759,6759
251,6759,6759
261,6759,6759
271,6759,6759
281,6759,6759
291,6759,6759
301,6759,6759
311,6759,6759
321,6759,6759
331,6759,6759
341,6759,6759
351,6759,6759
361,6759,6759
371,6759,6759
381,6759,6759
391,6759,6759
401,6759,6759
411,6759,6759
421,6759,6759
431,6759,6759
441,6759,6759
451,6759,6759
461,6759,6759
471,6759,6759
481,6759,6759
491,6759,6759
501,6759,6759
511,6759,6759
521,6759,6759
531,6759,6759
541,6759,6759
551,6759,6759
561,6759,6759
571,6759,6759
581,6759,6759
591,6759,6759
601,6759,6759
611,6759,6759
621,6759,6759
631,6759,6759
641,6759,6759
651,6759,6759
661,6759,6759
671,6759,6759
681,6759,6759
691,6759,6759
701,6759,6759
139,6764,6764
139,6764,6764
139,6764,6764
143,6764,6764
151,6764,6764
161,6764,6764
171,6764,6764
181,6764,6764
191,6764,6764
201,6764,6764
211,6764,6764
221,6764,6764
231,6764,6764
241,6764,6764
251,6764,6764
261,6764,6764
271,6764,6764
281,6764,6764
291,6764,6764
301,6764,6764
311,6764,6764
321,6764,6764
331,6764,6764
341,6764,6764
351,6764,6764
361,6764,6764
371,6764,6764
381,6764,6764
391,6764,6764
401,6764,6764
411,6764,6764
421,6764,6764
431,6764,6764
441,6764,6764
451,6764,6764
461,6764,6764
471,6764,6764
481,6764,6764
491,6764,6764
501,6764,6764
511,6764,6764
521,6764,6764
531,6764,6764
541,6764,6764
551,6764,6764
561,6764,6764
571,6764,6764
