# Command line arguments:  -XX:+UseParallelGC -Xmx7g  Program arguments:  --manual_gc 

used memory, total memory, maximum memory
13,245,6372
128,309,6372
140,437,6372
325,437,6372
352,611,6372
414,938,6372
621,938,6372
476,1190,6372
675,1190,6372
876,1190,6372
638,1652,6372
859,1652,6372
1010,1652,6372
1173,1652,6372
1286,1652,6372
942,1959,6372
1135,1959,6372
1311,1959,6372
1486,1959,6372
1132,2324,6372
1185,2324,6372
1238,2324,6372
1343,2324,6372
1501,2324,6372
1659,2324,6372
1796,2324,6372
1816,2324,6372
1816,2324,6372
1820,2324,6372
1822,2324,6372
1843,2324,6372
2001,2324,6372
2053,2324,6372
1347,2864,6372
1791,2864,6372
2074,2864,6372
2178,2864,6372
2288,2864,6372
2366,2864,6372
1663,3770,6372
1840,3770,6372
2046,3770,6372
2308,3770,6372
2484,3770,6372
2543,3770,6372
2718,3770,6372
2835,3770,6372
2924,3770,6372
2983,3770,6372
3042,3770,6372
3070,3770,6372
2100,4286,6372
2334,4286,6372
2540,4286,6372
2657,4286,6372
2716,4286,6372
2892,4286,6372
3009,4286,6372
3154,4286,6372
3301,4286,6372
3301,4286,6372
3330,4286,6372
3330,4286,6372
3360,4286,6372
3360,4286,6372
3388,4286,6372
3447,4286,6372
2537,5303,6372
2699,5303,6372
2896,5303,6372
3212,5303,6372
3489,5303,6372
3726,5303,6372
3884,5303,6372
3963,5303,6372
4042,5303,6372
4042,5303,6372
4042,5303,6372
4121,5303,6372
4200,5303,6372
4358,5303,6372
3124,6013,6372
3400,6013,6372
3596,6013,6372
3832,6013,6372
4067,6013,6372
4302,6013,6372
4616,6013,6372
4851,6013,6372
4969,6013,6372
3714,6543,6543
3751,6543,6543
3878,6543,6543
3969,6543,6543
3969,6543,6543
4015,6543,6543
4060,6543,6543
4060,6543,6543
4070,6543,6543
4151,6543,6543
4427,6543,6543
4743,6543,6543
2,6612,6612
340,6612,6612
340,6612,6612
348,6612,6612
358,6612,6612
368,6612,6612
378,6612,6612
388,6612,6612
398,6612,6612
404,6612,6612
408,6612,6612
418,6612,6612
428,6612,6612
438,6612,6612
448,6612,6612
458,6612,6612
468,6612,6612
478,6612,6612
488,6612,6612
498,6612,6612
508,6612,6612
518,6612,6612
528,6612,6612
538,6612,6612
548,6612,6612
558,6612,6612
568,6612,6612
578,6612,6612
588,6612,6612
598,6612,6612
608,6612,6612
618,6612,6612
628,6612,6612
638,6612,6612
648,6612,6612
658,6612,6612
668,6612,6612
678,6612,6612
688,6612,6612
698,6612,6612
708,6612,6612
718,6612,6612
728,6612,6612
738,6612,6612
748,6612,6612
758,6612,6612
768,6612,6612
770,6612,6612
778,6612,6612
788,6612,6612
798,6612,6612
808,6612,6612
818,6612,6612
828,6612,6612
838,6612,6612
848,6612,6612
858,6612,6612
868,6612,6612
878,6612,6612
888,6612,6612
133,6549,6549
133,6549,6549
133,6549,6549
133,6549,6549
141,6549,6549
151,6549,6549
161,6549,6549
171,6549,6549
181,6549,6549
191,6549,6549
201,6549,6549
211,6549,6549
221,6549,6549
231,6549,6549
241,6549,6549
251,6549,6549
261,6549,6549
271,6549,6549
281,6549,6549
291,6549,6549
301,6549,6549
311,6549,6549
321,6549,6549
331,6549,6549
341,6549,6549
351,6549,6549
361,6549,6549
371,6549,6549
381,6549,6549
391,6549,6549
401,6549,6549
411,6549,6549
421,6549,6549
431,6549,6549
441,6549,6549
451,6549,6549
461,6549,6549
471,6549,6549
481,6549,6549
491,6549,6549
501,6549,6549
511,6549,6549
521,6549,6549
531,6549,6549
541,6549,6549
551,6549,6549
561,6549,6549
571,6549,6549
581,6549,6549
591,6549,6549
601,6549,6549
611,6549,6549
621,6549,6549
631,6549,6549
659,6549,6549
669,6549,6549
679,6549,6549
689,6549,6549
699,6549,6549
709,6549,6549
151,6248,6372
151,6248,6372
151,6248,6372
159,6248,6372
169,6248,6372
179,6248,6372
189,6248,6372
199,6248,6372
209,6248,6372
219,6248,6372
229,6248,6372
239,6248,6372
249,6248,6372
259,6248,6372
269,6248,6372
279,6248,6372
289,6248,6372
299,6248,6372
309,6248,6372
319,6248,6372
329,6248,6372
339,6248,6372
349,6248,6372
359,6248,6372
369,6248,6372
379,6248,6372
389,6248,6372
399,6248,6372
409,6248,6372
419,6248,6372
429,6248,6372
439,6248,6372
449,6248,6372
459,6248,6372
469,6248,6372
479,6248,6372
489,6248,6372
499,6248,6372
509,6248,6372
519,6248,6372
529,6248,6372
539,6248,6372
549,6248,6372
559,6248,6372
569,6248,6372
579,6248,6372
589,6248,6372
589,6248,6372
599,6248,6372
609,6248,6372
619,6248,6372
629,6248,6372
639,6248,6372
649,6248,6372
659,6248,6372
669,6248,6372
679,6248,6372
689,6248,6372
699,6248,6372
709,6248,6372
100,6582,6582
133,6582,6582
133,6582,6582
133,6582,6582
141,6582,6582
151,6582,6582
161,6582,6582
171,6582,6582
181,6582,6582
191,6582,6582
201,6582,6582
211,6582,6582
221,6582,6582
231,6582,6582
241,6582,6582
251,6582,6582
261,6582,6582
271,6582,6582
281,6582,6582
291,6582,6582
301,6582,6582
311,6582,6582
321,6582,6582
331,6582,6582
341,6582,6582
351,6582,6582
361,6582,6582
371,6582,6582
381,6582,6582
391,6582,6582
401,6582,6582
411,6582,6582
421,6582,6582
431,6582,6582
441,6582,6582
451,6582,6582
461,6582,6582
471,6582,6582
481,6582,6582
491,6582,6582
501,6582,6582
511,6582,6582
521,6582,6582
531,6582,6582
541,6582,6582
551,6582,6582
561,6582,6582
571,6582,6582
581,6582,6582
591,6582,6582
601,6582,6582
611,6582,6582
621,6582,6582
631,6582,6582
641,6582,6582
651,6582,6582
661,6582,6582
671,6582,6582
681,6582,6582
691,6582,6582
100,6580,6580
133,6580,6580
133,6580,6580
133,6580,6580
141,6580,6580
151,6580,6580
161,6580,6580
171,6580,6580
181,6580,6580
191,6580,6580
201,6580,6580
211,6580,6580
221,6580,6580
231,6580,6580
241,6580,6580
251,6580,6580
261,6580,6580
271,6580,6580
281,6580,6580
291,6580,6580
301,6580,6580
311,6580,6580
321,6580,6580
331,6580,6580
341,6580,6580
351,6580,6580
361,6580,6580
371,6580,6580
381,6580,6580
391,6580,6580
401,6580,6580
411,6580,6580
421,6580,6580
431,6580,6580
441,6580,6580
451,6580,6580
461,6580,6580
471,6580,6580
481,6580,6580
491,6580,6580
501,6580,6580
511,6580,6580
521,6580,6580
531,6580,6580
541,6580,6580
551,6580,6580
561,6580,6580
571,6580,6580
581,6580,6580
591,6580,6580
601,6580,6580
611,6580,6580
621,6580,6580
631,6580,6580
641,6580,6580
651,6580,6580
661,6580,6580
671,6580,6580
681,6580,6580
691,6580,6580
134,6596,6596
134,6596,6596
134,6596,6596
142,6596,6596
152,6596,6596
162,6596,6596
172,6596,6596
182,6596,6596
192,6596,6596
202,6596,6596
212,6596,6596
222,6596,6596
232,6596,6596
242,6596,6596
252,6596,6596
262,6596,6596
272,6596,6596
282,6596,6596
292,6596,6596
302,6596,6596
312,6596,6596
322,6596,6596
332,6596,6596
342,6596,6596
352,6596,6596
362,6596,6596
372,6596,6596
382,6596,6596
392,6596,6596
402,6596,6596
412,6596,6596
422,6596,6596
432,6596,6596
442,6596,6596
452,6596,6596
462,6596,6596
472,6596,6596
482,6596,6596
492,6596,6596
502,6596,6596
512,6596,6596
522,6596,6596
532,6596,6596
542,6596,6596
552,6596,6596
562,6596,6596
572,6596,6596
582,6596,6596
592,6596,6596
602,6596,6596
612,6596,6596
622,6596,6596
632,6596,6596
642,6596,6596
652,6596,6596
662,6596,6596
672,6596,6596
682,6596,6596
692,6596,6596
702,6596,6596
134,6588,6588
134,6588,6588
134,6588,6588
142,6588,6588
152,6588,6588
162,6588,6588
172,6588,6588
182,6588,6588
192,6588,6588
202,6588,6588
212,6588,6588
222,6588,6588
232,6588,6588
242,6588,6588
252,6588,6588
262,6588,6588
272,6588,6588
282,6588,6588
292,6588,6588
302,6588,6588
312,6588,6588
322,6588,6588
332,6588,6588
342,6588,6588
352,6588,6588
362,6588,6588
372,6588,6588
382,6588,6588
392,6588,6588
402,6588,6588
412,6588,6588
422,6588,6588
432,6588,6588
442,6588,6588
452,6588,6588
462,6588,6588
472,6588,6588
482,6588,6588
492,6588,6588
502,6588,6588
512,6588,6588
522,6588,6588
532,6588,6588
542,6588,6588
552,6588,6588
562,6588,6588
572,6588,6588
582,6588,6588
592,6588,6588
602,6588,6588
612,6588,6588
622,6588,6588
632,6588,6588
642,6588,6588
652,6588,6588
662,6588,6588
672,6588,6588
682,6588,6588
692,6588,6588
100,6616,6616
135,6616,6616
135,6616,6616
135,6616,6616
143,6616,6616
181,6616,6616
181,6616,6616
181,6616,6616
181,6616,6616
218,6616,6616
218,6616,6616
218,6616,6616
218,6616,6616
252,6616,6616
252,6616,6616
252,6616,6616
252,6616,6616
289,6616,6616
289,6616,6616
289,6616,6616
323,6616,6616
323,6616,6616
323,6616,6616
323,6616,6616
360,6616,6616
360,6616,6616
360,6616,6616
394,6616,6616
394,6616,6616
394,6616,6616
394,6616,6616
431,6616,6616
431,6616,6616
431,6616,6616
465,6616,6616
465,6616,6616
465,6616,6616
465,6616,6616
502,6616,6616
502,6616,6616
502,6616,6616
536,6616,6616
536,6616,6616
536,6616,6616
536,6616,6616
573,6616,6616
573,6616,6616
573,6616,6616
607,6616,6616
607,6616,6616
607,6616,6616
607,6616,6616
644,6616,6616
644,6616,6616
644,6616,6616
678,6616,6616
678,6616,6616
678,6616,6616
678,6616,6616
715,6616,6616
100,6605,6605
135,6605,6605
135,6605,6605
135,6605,6605
143,6605,6605
181,6605,6605
181,6605,6605
181,6605,6605
181,6605,6605
218,6605,6605
218,6605,6605
218,6605,6605
252,6605,6605
252,6605,6605
252,6605,6605
252,6605,6605
289,6605,6605
289,6605,6605
289,6605,6605
323,6605,6605
323,6605,6605
323,6605,6605
323,6605,6605
360,6605,6605
360,6605,6605
360,6605,6605
394,6605,6605
394,6605,6605
394,6605,6605
394,6605,6605
431,6605,6605
431,6605,6605
431,6605,6605
465,6605,6605
465,6605,6605
465,6605,6605
465,6605,6605
502,6605,6605
502,6605,6605
502,6605,6605
536,6605,6605
536,6605,6605
536,6605,6605
536,6605,6605
573,6605,6605
573,6605,6605
573,6605,6605
607,6605,6605
607,6605,6605
607,6605,6605
607,6605,6605
644,6605,6605
644,6605,6605
644,6605,6605
678,6605,6605
678,6605,6605
678,6605,6605
678,6605,6605
715,6605,6605
715,6605,6605
100,6640,6640
135,6640,6640
135,6640,6640
135,6640,6640
143,6640,6640
151,6640,6640
161,6640,6640
171,6640,6640
181,6640,6640
191,6640,6640
201,6640,6640
211,6640,6640
221,6640,6640
231,6640,6640
241,6640,6640
251,6640,6640
261,6640,6640
271,6640,6640
281,6640,6640
291,6640,6640
301,6640,6640
311,6640,6640
321,6640,6640
331,6640,6640
341,6640,6640
351,6640,6640
361,6640,6640
371,6640,6640
381,6640,6640
391,6640,6640
401,6640,6640
411,6640,6640
421,6640,6640
431,6640,6640
441,6640,6640
451,6640,6640
461,6640,6640
471,6640,6640
481,6640,6640
491,6640,6640
501,6640,6640
511,6640,6640
521,6640,6640
531,6640,6640
541,6640,6640
551,6640,6640
561,6640,6640
571,6640,6640
581,6640,6640
591,6640,6640
601,6640,6640
611,6640,6640
621,6640,6640
631,6640,6640
641,6640,6640
651,6640,6640
661,6640,6640
671,6640,6640
681,6640,6640
691,6640,6640
135,6628,6628
135,6628,6628
135,6628,6628
143,6628,6628
151,6628,6628
161,6628,6628
171,6628,6628
181,6628,6628
191,6628,6628
201,6628,6628
211,6628,6628
221,6628,6628
231,6628,6628
241,6628,6628
251,6628,6628
261,6628,6628
271,6628,6628
281,6628,6628
291,6628,6628
301,6628,6628
311,6628,6628
321,6628,6628
331,6628,6628
341,6628,6628
351,6628,6628
361,6628,6628
371,6628,6628
381,6628,6628
391,6628,6628
401,6628,6628
411,6628,6628
421,6628,6628
431,6628,6628
441,6628,6628
451,6628,6628
461,6628,6628
471,6628,6628
481,6628,6628
491,6628,6628
501,6628,6628
511,6628,6628
521,6628,6628
531,6628,6628
541,6628,6628
551,6628,6628
561,6628,6628
571,6628,6628
581,6628,6628
591,6628,6628
601,6628,6628
611,6628,6628
621,6628,6628
631,6628,6628
641,6628,6628
651,6628,6628
661,6628,6628
671,6628,6628
681,6628,6628
691,6628,6628
701,6628,6628
136,6618,6618
136,6618,6618
136,6618,6618
144,6618,6618
152,6618,6618
162,6618,6618
172,6618,6618
182,6618,6618
192,6618,6618
202,6618,6618
212,6618,6618
222,6618,6618
232,6618,6618
242,6618,6618
252,6618,6618
262,6618,6618
272,6618,6618
282,6618,6618
292,6618,6618
302,6618,6618
312,6618,6618
322,6618,6618
332,6618,6618
342,6618,6618
352,6618,6618
362,6618,6618
372,6618,6618
382,6618,6618
392,6618,6618
402,6618,6618
412,6618,6618
422,6618,6618
432,6618,6618
442,6618,6618
452,6618,6618
462,6618,6618
472,6618,6618
482,6618,6618
492,6618,6618
502,6618,6618
512,6618,6618
522,6618,6618
532,6618,6618
542,6618,6618
552,6618,6618
562,6618,6618
572,6618,6618
582,6618,6618
592,6618,6618
602,6618,6618
612,6618,6618
622,6618,6618
632,6618,6618
642,6618,6618
652,6618,6618
662,6618,6618
672,6618,6618
682,6618,6618
692,6618,6618
702,6618,6618
136,6384,6384
136,6384,6384
136,6384,6384
144,6384,6384
152,6384,6384
162,6384,6384
172,6384,6384
182,6384,6384
192,6384,6384
202,6384,6384
212,6384,6384
222,6384,6384
232,6384,6384
242,6384,6384
252,6384,6384
262,6384,6384
272,6384,6384
282,6384,6384
292,6384,6384
302,6384,6384
312,6384,6384
322,6384,6384
332,6384,6384
342,6384,6384
352,6384,6384
362,6384,6384
372,6384,6384
382,6384,6384
392,6384,6384
402,6384,6384
412,6384,6384
422,6384,6384
432,6384,6384
442,6384,6384
442,6384,6384
452,6384,6384
462,6384,6384
472,6384,6384
482,6384,6384
492,6384,6384
502,6384,6384
512,6384,6384
522,6384,6384
532,6384,6384
542,6384,6384
552,6384,6384
562,6384,6384
572,6384,6384
582,6384,6384
592,6384,6384
602,6384,6384
612,6384,6384
622,6384,6384
632,6384,6384
642,6384,6384
652,6384,6384
662,6384,6384
672,6384,6384
682,6384,6384
100,6593,6593
136,6593,6593
136,6593,6593
136,6593,6593
144,6593,6593
152,6593,6593
162,6593,6593
172,6593,6593
182,6593,6593
192,6593,6593
202,6593,6593
212,6593,6593
222,6593,6593
232,6593,6593
242,6593,6593
252,6593,6593
262,6593,6593
272,6593,6593
282,6593,6593
292,6593,6593
302,6593,6593
312,6593,6593
322,6593,6593
332,6593,6593
342,6593,6593
352,6593,6593
362,6593,6593
372,6593,6593
382,6593,6593
392,6593,6593
402,6593,6593
412,6593,6593
422,6593,6593
432,6593,6593
442,6593,6593
452,6593,6593
462,6593,6593
472,6593,6593
482,6593,6593
492,6593,6593
502,6593,6593
512,6593,6593
522,6593,6593
532,6593,6593
542,6593,6593
552,6593,6593
562,6593,6593
572,6593,6593
582,6593,6593
592,6593,6593
602,6593,6593
612,6593,6593
622,6593,6593
632,6593,6593
642,6593,6593
652,6593,6593
662,6593,6593
672,6593,6593
682,6593,6593
692,6593,6593
100,6384,6384
136,6384,6384
136,6384,6384
136,6384,6384
144,6384,6384
152,6384,6384
162,6384,6384
172,6384,6384
182,6384,6384
192,6384,6384
202,6384,6384
212,6384,6384
222,6384,6384
232,6384,6384
242,6384,6384
252,6384,6384
262,6384,6384
272,6384,6384
282,6384,6384
292,6384,6384
302,6384,6384
312,6384,6384
322,6384,6384
332,6384,6384
342,6384,6384
352,6384,6384
362,6384,6384
372,6384,6384
382,6384,6384
392,6384,6384
402,6384,6384
412,6384,6384
422,6384,6384
432,6384,6384
442,6384,6384
452,6384,6384
462,6384,6384
472,6384,6384
482,6384,6384
492,6384,6384
502,6384,6384
512,6384,6384
522,6384,6384
532,6384,6384
542,6384,6384
552,6384,6384
562,6384,6384
572,6384,6384
582,6384,6384
592,6384,6384
602,6384,6384
612,6384,6384
622,6384,6384
632,6384,6384
642,6384,6384
652,6384,6384
662,6384,6384
672,6384,6384
682,6384,6384
692,6384,6384
100,6568,6568
136,6568,6568
136,6568,6568
136,6568,6568
144,6568,6568
152,6568,6568
162,6568,6568
172,6568,6568
182,6568,6568
192,6568,6568
202,6568,6568
212,6568,6568
222,6568,6568
232,6568,6568
242,6568,6568
252,6568,6568
262,6568,6568
272,6568,6568
282,6568,6568
292,6568,6568
302,6568,6568
312,6568,6568
322,6568,6568
332,6568,6568
342,6568,6568
352,6568,6568
362,6568,6568
372,6568,6568
382,6568,6568
392,6568,6568
402,6568,6568
412,6568,6568
422,6568,6568
432,6568,6568
442,6568,6568
452,6568,6568
462,6568,6568
472,6568,6568
482,6568,6568
492,6568,6568
502,6568,6568
512,6568,6568
522,6568,6568
532,6568,6568
542,6568,6568
552,6568,6568
562,6568,6568
572,6568,6568
582,6568,6568
592,6568,6568
602,6568,6568
612,6568,6568
622,6568,6568
632,6568,6568
642,6568,6568
652,6568,6568
662,6568,6568
672,6568,6568
682,6568,6568
692,6568,6568
136,6384,6384
136,6384,6384
136,6384,6384
144,6384,6384
152,6384,6384
162,6384,6384
172,6384,6384
182,6384,6384
192,6384,6384
202,6384,6384
212,6384,6384
222,6384,6384
232,6384,6384
242,6384,6384
252,6384,6384
262,6384,6384
272,6384,6384
282,6384,6384
292,6384,6384
302,6384,6384
312,6384,6384
322,6384,6384
332,6384,6384
342,6384,6384
352,6384,6384
362,6384,6384
372,6384,6384
382,6384,6384
392,6384,6384
402,6384,6384
412,6384,6384
422,6384,6384
432,6384,6384
442,6384,6384
452,6384,6384
462,6384,6384
472,6384,6384
482,6384,6384
492,6384,6384
502,6384,6384
512,6384,6384
522,6384,6384
532,6384,6384
542,6384,6384
552,6384,6384
562,6384,6384
572,6384,6384
582,6384,6384
582,6384,6384
592,6384,6384
602,6384,6384
612,6384,6384
622,6384,6384
632,6384,6384
642,6384,6384
652,6384,6384
662,6384,6384
672,6384,6384
682,6384,6384
692,6384,6384
100,6545,6545
136,6545,6545
136,6545,6545
136,6545,6545
144,6545,6545
152,6545,6545
162,6545,6545
172,6545,6545
182,6545,6545
192,6545,6545
202,6545,6545
212,6545,6545
222,6545,6545
232,6545,6545
242,6545,6545
252,6545,6545
262,6545,6545
272,6545,6545
282,6545,6545
292,6545,6545
302,6545,6545
312,6545,6545
322,6545,6545
332,6545,6545
342,6545,6545
352,6545,6545
362,6545,6545
372,6545,6545
382,6545,6545
392,6545,6545
402,6545,6545
412,6545,6545
422,6545,6545
432,6545,6545
442,6545,6545
452,6545,6545
462,6545,6545
472,6545,6545
482,6545,6545
492,6545,6545
502,6545,6545
512,6545,6545
522,6545,6545
532,6545,6545
542,6545,6545
552,6545,6545
562,6545,6545
572,6545,6545
582,6545,6545
592,6545,6545
602,6545,6545
612,6545,6545
622,6545,6545
632,6545,6545
642,6545,6545
652,6545,6545
662,6545,6545
672,6545,6545
682,6545,6545
692,6545,6545
136,6384,6384
136,6384,6384
136,6384,6384
144,6384,6384
152,6384,6384
162,6384,6384
172,6384,6384
182,6384,6384
192,6384,6384
202,6384,6384
212,6384,6384
222,6384,6384
232,6384,6384
242,6384,6384
252,6384,6384
262,6384,6384
272,6384,6384
282,6384,6384
292,6384,6384
302,6384,6384
312,6384,6384
322,6384,6384
332,6384,6384
342,6384,6384
352,6384,6384
362,6384,6384
372,6384,6384
382,6384,6384
392,6384,6384
402,6384,6384
412,6384,6384
422,6384,6384
432,6384,6384
442,6384,6384
452,6384,6384
462,6384,6384
472,6384,6384
482,6384,6384
492,6384,6384
502,6384,6384
512,6384,6384
522,6384,6384
532,6384,6384
542,6384,6384
552,6384,6384
562,6384,6384
572,6384,6384
582,6384,6384
592,6384,6384
602,6384,6384
612,6384,6384
622,6384,6384
632,6384,6384
642,6384,6384
652,6384,6384
662,6384,6384
672,6384,6384
682,6384,6384
692,6384,6384
100,6525,6525
136,6525,6525
136,6525,6525
136,6525,6525
144,6525,6525
152,6525,6525
162,6525,6525
172,6525,6525
182,6525,6525
192,6525,6525
202,6525,6525
212,6525,6525
222,6525,6525
232,6525,6525
242,6525,6525
252,6525,6525
262,6525,6525
272,6525,6525
282,6525,6525
292,6525,6525
302,6525,6525
312,6525,6525
322,6525,6525
332,6525,6525
342,6525,6525
352,6525,6525
362,6525,6525
372,6525,6525
382,6525,6525
392,6525,6525
402,6525,6525
412,6525,6525
422,6525,6525
432,6525,6525
442,6525,6525
452,6525,6525
462,6525,6525
472,6525,6525
482,6525,6525
492,6525,6525
502,6525,6525
512,6525,6525
522,6525,6525
532,6525,6525
542,6525,6525
552,6525,6525
562,6525,6525
572,6525,6525
582,6525,6525
592,6525,6525
602,6525,6525
612,6525,6525
622,6525,6525
632,6525,6525
642,6525,6525
652,6525,6525
662,6525,6525
672,6525,6525
682,6525,6525
692,6525,6525
100,6384,6384
136,6384,6384
136,6384,6384
136,6384,6384
144,6384,6384
152,6384,6384
162,6384,6384
172,6384,6384
182,6384,6384
192,6384,6384
202,6384,6384
212,6384,6384
222,6384,6384
232,6384,6384
242,6384,6384
252,6384,6384
262,6384,6384
272,6384,6384
282,6384,6384
292,6384,6384
302,6384,6384
312,6384,6384
322,6384,6384
332,6384,6384
342,6384,6384
352,6384,6384
362,6384,6384
372,6384,6384
382,6384,6384
392,6384,6384
402,6384,6384
412,6384,6384
422,6384,6384
432,6384,6384
442,6384,6384
452,6384,6384
462,6384,6384
472,6384,6384
482,6384,6384
492,6384,6384
502,6384,6384
512,6384,6384
522,6384,6384
532,6384,6384
542,6384,6384
552,6384,6384
562,6384,6384
572,6384,6384
582,6384,6384
592,6384,6384
602,6384,6384
612,6384,6384
622,6384,6384
632,6384,6384
642,6384,6384
652,6384,6384
662,6384,6384
672,6384,6384
682,6384,6384
692,6384,6384
136,6506,6506
136,6506,6506
136,6506,6506
144,6506,6506
152,6506,6506
162,6506,6506
172,6506,6506
182,6506,6506
192,6506,6506
202,6506,6506
212,6506,6506
222,6506,6506
232,6506,6506
242,6506,6506
252,6506,6506
262,6506,6506
272,6506,6506
282,6506,6506
292,6506,6506
302,6506,6506
312,6506,6506
322,6506,6506
332,6506,6506
342,6506,6506
342,6506,6506
352,6506,6506
362,6506,6506
372,6506,6506
382,6506,6506
392,6506,6506
402,6506,6506
412,6506,6506
422,6506,6506
432,6506,6506
442,6506,6506
452,6506,6506
462,6506,6506
472,6506,6506
482,6506,6506
492,6506,6506
502,6506,6506
512,6506,6506
522,6506,6506
532,6506,6506
542,6506,6506
552,6506,6506
562,6506,6506
572,6506,6506
582,6506,6506
592,6506,6506
602,6506,6506
612,6506,6506
622,6506,6506
632,6506,6506
642,6506,6506
652,6506,6506
662,6506,6506
672,6506,6506
682,6506,6506
692,6506,6506
100,6384,6384
136,6384,6384
136,6384,6384
136,6384,6384
144,6384,6384
152,6384,6384
162,6384,6384
172,6384,6384
182,6384,6384
192,6384,6384
202,6384,6384
212,6384,6384
222,6384,6384
232,6384,6384
242,6384,6384
252,6384,6384
262,6384,6384
272,6384,6384
282,6384,6384
292,6384,6384
302,6384,6384
312,6384,6384
322,6384,6384
332,6384,6384
342,6384,6384
352,6384,6384
362,6384,6384
372,6384,6384
382,6384,6384
392,6384,6384
402,6384,6384
412,6384,6384
422,6384,6384
432,6384,6384
442,6384,6384
452,6384,6384
462,6384,6384
472,6384,6384
482,6384,6384
492,6384,6384
502,6384,6384
512,6384,6384
522,6384,6384
532,6384,6384
542,6384,6384
552,6384,6384
562,6384,6384
572,6384,6384
582,6384,6384
592,6384,6384
602,6384,6384
612,6384,6384
622,6384,6384
632,6384,6384
642,6384,6384
652,6384,6384
662,6384,6384
672,6384,6384
682,6384,6384
692,6384,6384
100,6489,6489
136,6489,6489
136,6489,6489
136,6489,6489
144,6489,6489
152,6489,6489
162,6489,6489
172,6489,6489
182,6489,6489
192,6489,6489
202,6489,6489
212,6489,6489
222,6489,6489
232,6489,6489
242,6489,6489
252,6489,6489
262,6489,6489
272,6489,6489
282,6489,6489
292,6489,6489
302,6489,6489
312,6489,6489
322,6489,6489
332,6489,6489
342,6489,6489
352,6489,6489
362,6489,6489
372,6489,6489
382,6489,6489
392,6489,6489
402,6489,6489
412,6489,6489
422,6489,6489
432,6489,6489
442,6489,6489
452,6489,6489
462,6489,6489
472,6489,6489
482,6489,6489
492,6489,6489
502,6489,6489
512,6489,6489
522,6489,6489
532,6489,6489
542,6489,6489
552,6489,6489
562,6489,6489
572,6489,6489
582,6489,6489
592,6489,6489
602,6489,6489
612,6489,6489
622,6489,6489
632,6489,6489
642,6489,6489
652,6489,6489
662,6489,6489
672,6489,6489
682,6489,6489
692,6489,6489
136,6384,6384
136,6384,6384
136,6384,6384
144,6384,6384
152,6384,6384
162,6384,6384
172,6384,6384
182,6384,6384
192,6384,6384
202,6384,6384
212,6384,6384
222,6384,6384
232,6384,6384
242,6384,6384
252,6384,6384
262,6384,6384
272,6384,6384
282,6384,6384
292,6384,6384
302,6384,6384
312,6384,6384
322,6384,6384
332,6384,6384
342,6384,6384
352,6384,6384
362,6384,6384
372,6384,6384
382,6384,6384
392,6384,6384
402,6384,6384
412,6384,6384
422,6384,6384
432,6384,6384
442,6384,6384
452,6384,6384
462,6384,6384
472,6384,6384
482,6384,6384
492,6384,6384
502,6384,6384
512,6384,6384
522,6384,6384
532,6384,6384
542,6384,6384
552,6384,6384
562,6384,6384
572,6384,6384
582,6384,6384
592,6384,6384
602,6384,6384
612,6384,6384
622,6384,6384
632,6384,6384
642,6384,6384
652,6384,6384
662,6384,6384
672,6384,6384
682,6384,6384
692,6384,6384
100,6475,6475
136,6475,6475
136,6475,6475
136,6475,6475
144,6475,6475
152,6475,6475
162,6475,6475
172,6475,6475
182,6475,6475
192,6475,6475
202,6475,6475
212,6475,6475
222,6475,6475
232,6475,6475
242,6475,6475
252,6475,6475
262,6475,6475
272,6475,6475
282,6475,6475
292,6475,6475
302,6475,6475
312,6475,6475
322,6475,6475
332,6475,6475
342,6475,6475
352,6475,6475
362,6475,6475
372,6475,6475
382,6475,6475
392,6475,6475
402,6475,6475
412,6475,6475
422,6475,6475
432,6475,6475
442,6475,6475
452,6475,6475
462,6475,6475
472,6475,6475
482,6475,6475
492,6475,6475
502,6475,6475
512,6475,6475
522,6475,6475
532,6475,6475
542,6475,6475
552,6475,6475
562,6475,6475
572,6475,6475
582,6475,6475
592,6475,6475
602,6475,6475
612,6475,6475
622,6475,6475
632,6475,6475
642,6475,6475
652,6475,6475
662,6475,6475
672,6475,6475
682,6475,6475
692,6475,6475
142,6386,6386
142,6386,6386
142,6386,6386
142,6386,6386
152,6386,6386
162,6386,6386
172,6386,6386
182,6386,6386
192,6386,6386
202,6386,6386
212,6386,6386
222,6386,6386
232,6386,6386
242,6386,6386
252,6386,6386
262,6386,6386
272,6386,6386
282,6386,6386
292,6386,6386
302,6386,6386
312,6386,6386
322,6386,6386
332,6386,6386
342,6386,6386
352,6386,6386
362,6386,6386
372,6386,6386
382,6386,6386
392,6386,6386
402,6386,6386
412,6386,6386
422,6386,6386
432,6386,6386
442,6386,6386
452,6386,6386
462,6386,6386
472,6386,6386
482,6386,6386
492,6386,6386
502,6386,6386
512,6386,6386
522,6386,6386
532,6386,6386
542,6386,6386
552,6386,6386
562,6386,6386
572,6386,6386
582,6386,6386
592,6386,6386
602,6386,6386
612,6386,6386
622,6386,6386
632,6386,6386
642,6386,6386
652,6386,6386
662,6386,6386
672,6386,6386
682,6386,6386
692,6386,6386
702,6386,6386
136,6460,6460
136,6460,6460
136,6460,6460
144,6460,6460
152,6460,6460
162,6460,6460
172,6460,6460
182,6460,6460
192,6460,6460
202,6460,6460
212,6460,6460
222,6460,6460
232,6460,6460
242,6460,6460
252,6460,6460
258,6460,6460
262,6460,6460
272,6460,6460
282,6460,6460
292,6460,6460
302,6460,6460
312,6460,6460
322,6460,6460
332,6460,6460
342,6460,6460
352,6460,6460
362,6460,6460
372,6460,6460
382,6460,6460
392,6460,6460
402,6460,6460
412,6460,6460
422,6460,6460
432,6460,6460
442,6460,6460
452,6460,6460
462,6460,6460
472,6460,6460
482,6460,6460
492,6460,6460
502,6460,6460
512,6460,6460
522,6460,6460
532,6460,6460
542,6460,6460
552,6460,6460
562,6460,6460
572,6460,6460
582,6460,6460
592,6460,6460
602,6460,6460
612,6460,6460
622,6460,6460
632,6460,6460
642,6460,6460
652,6460,6460
662,6460,6460
672,6460,6460
682,6460,6460
692,6460,6460
100,6384,6384
136,6384,6384
136,6384,6384
136,6384,6384
144,6384,6384
152,6384,6384
162,6384,6384
172,6384,6384
182,6384,6384
192,6384,6384
202,6384,6384
212,6384,6384
222,6384,6384
232,6384,6384
242,6384,6384
252,6384,6384
262,6384,6384
272,6384,6384
282,6384,6384
292,6384,6384
302,6384,6384
312,6384,6384
322,6384,6384
332,6384,6384
342,6384,6384
352,6384,6384
362,6384,6384
372,6384,6384
382,6384,6384
392,6384,6384
402,6384,6384
412,6384,6384
422,6384,6384
432,6384,6384
442,6384,6384
452,6384,6384
462,6384,6384
472,6384,6384
482,6384,6384
492,6384,6384
502,6384,6384
512,6384,6384
522,6384,6384
532,6384,6384
542,6384,6384
552,6384,6384
562,6384,6384
572,6384,6384
582,6384,6384
592,6384,6384
602,6384,6384
612,6384,6384
622,6384,6384
632,6384,6384
642,6384,6384
652,6384,6384
662,6384,6384
672,6384,6384
682,6384,6384
692,6384,6384
100,6450,6450
136,6450,6450
136,6450,6450
136,6450,6450
144,6450,6450
152,6450,6450
162,6450,6450
172,6450,6450
182,6450,6450
192,6450,6450
202,6450,6450
212,6450,6450
222,6450,6450
232,6450,6450
242,6450,6450
252,6450,6450
262,6450,6450
272,6450,6450
282,6450,6450
292,6450,6450
302,6450,6450
312,6450,6450
322,6450,6450
332,6450,6450
342,6450,6450
352,6450,6450
362,6450,6450
372,6450,6450
382,6450,6450
392,6450,6450
402,6450,6450
412,6450,6450
422,6450,6450
432,6450,6450
442,6450,6450
452,6450,6450
462,6450,6450
472,6450,6450
482,6450,6450
492,6450,6450
502,6450,6450
512,6450,6450
522,6450,6450
532,6450,6450
542,6450,6450
552,6450,6450
562,6450,6450
572,6450,6450
582,6450,6450
592,6450,6450
602,6450,6450
612,6450,6450
622,6450,6450
632,6450,6450
642,6450,6450
652,6450,6450
662,6450,6450
672,6450,6450
682,6450,6450
692,6450,6450
136,6384,6384
136,6384,6384
136,6384,6384
144,6384,6384
152,6384,6384
162,6384,6384
172,6384,6384
182,6384,6384
192,6384,6384
202,6384,6384
212,6384,6384
222,6384,6384
232,6384,6384
242,6384,6384
252,6384,6384
262,6384,6384
272,6384,6384
282,6384,6384
292,6384,6384
302,6384,6384
312,6384,6384
322,6384,6384
332,6384,6384
342,6384,6384
352,6384,6384
362,6384,6384
372,6384,6384
382,6384,6384
392,6384,6384
402,6384,6384
412,6384,6384
422,6384,6384
432,6384,6384
442,6384,6384
452,6384,6384
462,6384,6384
472,6384,6384
482,6384,6384
492,6384,6384
502,6384,6384
512,6384,6384
522,6384,6384
532,6384,6384
542,6384,6384
552,6384,6384
562,6384,6384
572,6384,6384
582,6384,6384
592,6384,6384
602,6384,6384
612,6384,6384
622,6384,6384
632,6384,6384
642,6384,6384
652,6384,6384
662,6384,6384
672,6384,6384
682,6384,6384
692,6384,6384
100,6440,6440
136,6440,6440
136,6440,6440
136,6440,6440
144,6440,6440
152,6440,6440
162,6440,6440
172,6440,6440
182,6440,6440
192,6440,6440
202,6440,6440
212,6440,6440
222,6440,6440
232,6440,6440
242,6440,6440
252,6440,6440
262,6440,6440
272,6440,6440
282,6440,6440
292,6440,6440
302,6440,6440
312,6440,6440
322,6440,6440
332,6440,6440
342,6440,6440
352,6440,6440
362,6440,6440
372,6440,6440
382,6440,6440
392,6440,6440
402,6440,6440
412,6440,6440
422,6440,6440
432,6440,6440
442,6440,6440
452,6440,6440
462,6440,6440
472,6440,6440
482,6440,6440
492,6440,6440
502,6440,6440
512,6440,6440
522,6440,6440
532,6440,6440
542,6440,6440
552,6440,6440
562,6440,6440
572,6440,6440
582,6440,6440
592,6440,6440
602,6440,6440
612,6440,6440
622,6440,6440
632,6440,6440
642,6440,6440
652,6440,6440
662,6440,6440
672,6440,6440
682,6440,6440
692,6440,6440
136,6384,6384
136,6384,6384
136,6384,6384
144,6384,6384
152,6384,6384
162,6384,6384
172,6384,6384
182,6384,6384
192,6384,6384
202,6384,6384
212,6384,6384
222,6384,6384
232,6384,6384
242,6384,6384
252,6384,6384
262,6384,6384
272,6384,6384
282,6384,6384
292,6384,6384
302,6384,6384
312,6384,6384
322,6384,6384
332,6384,6384
342,6384,6384
352,6384,6384
362,6384,6384
372,6384,6384
382,6384,6384
392,6384,6384
402,6384,6384
412,6384,6384
422,6384,6384
422,6384,6384
432,6384,6384
442,6384,6384
452,6384,6384
462,6384,6384
472,6384,6384
482,6384,6384
492,6384,6384
502,6384,6384
512,6384,6384
522,6384,6384
532,6384,6384
542,6384,6384
552,6384,6384
562,6384,6384
572,6384,6384
582,6384,6384
592,6384,6384
602,6384,6384
612,6384,6384
622,6384,6384
632,6384,6384
642,6384,6384
652,6384,6384
662,6384,6384
672,6384,6384
682,6384,6384
692,6384,6384
100,6432,6432
136,6432,6432
136,6432,6432
136,6432,6432
144,6432,6432
152,6432,6432
162,6432,6432
172,6432,6432
182,6432,6432
192,6432,6432
202,6432,6432
212,6432,6432
222,6432,6432
232,6432,6432
242,6432,6432
252,6432,6432
262,6432,6432
272,6432,6432
282,6432,6432
292,6432,6432
302,6432,6432
312,6432,6432
322,6432,6432
332,6432,6432
342,6432,6432
352,6432,6432
362,6432,6432
372,6432,6432
382,6432,6432
392,6432,6432
402,6432,6432
412,6432,6432
422,6432,6432
432,6432,6432
442,6432,6432
452,6432,6432
462,6432,6432
472,6432,6432
482,6432,6432
492,6432,6432
502,6432,6432
512,6432,6432
522,6432,6432
532,6432,6432
542,6432,6432
552,6432,6432
562,6432,6432
572,6432,6432
582,6432,6432
592,6432,6432
602,6432,6432
612,6432,6432
622,6432,6432
632,6432,6432
642,6432,6432
652,6432,6432
662,6432,6432
672,6432,6432
682,6432,6432
692,6432,6432
100,6384,6384
136,6384,6384
136,6384,6384
136,6384,6384
144,6384,6384
152,6384,6384
162,6384,6384
172,6384,6384
182,6384,6384
192,6384,6384
202,6384,6384
212,6384,6384
222,6384,6384
232,6384,6384
242,6384,6384
252,6384,6384
262,6384,6384
272,6384,6384
282,6384,6384
292,6384,6384
302,6384,6384
312,6384,6384
322,6384,6384
332,6384,6384
342,6384,6384
352,6384,6384
362,6384,6384
372,6384,6384
382,6384,6384
392,6384,6384
402,6384,6384
412,6384,6384
422,6384,6384
432,6384,6384
442,6384,6384
452,6384,6384
462,6384,6384
472,6384,6384
482,6384,6384
492,6384,6384
502,6384,6384
512,6384,6384
522,6384,6384
532,6384,6384
542,6384,6384
552,6384,6384
562,6384,6384
572,6384,6384
582,6384,6384
592,6384,6384
602,6384,6384
612,6384,6384
622,6384,6384
632,6384,6384
642,6384,6384
652,6384,6384
662,6384,6384
672,6384,6384
682,6384,6384
692,6384,6384
136,6425,6425
136,6425,6425
136,6425,6425
144,6425,6425
152,6425,6425
162,6425,6425
172,6425,6425
182,6425,6425
192,6425,6425
202,6425,6425
212,6425,6425
222,6425,6425
232,6425,6425
242,6425,6425
252,6425,6425
262,6425,6425
272,6425,6425
282,6425,6425
292,6425,6425
302,6425,6425
312,6425,6425
322,6425,6425
332,6425,6425
342,6425,6425
352,6425,6425
362,6425,6425
372,6425,6425
382,6425,6425
392,6425,6425
402,6425,6425
412,6425,6425
422,6425,6425
432,6425,6425
442,6425,6425
452,6425,6425
462,6425,6425
472,6425,6425
482,6425,6425
492,6425,6425
502,6425,6425
512,6425,6425
522,6425,6425
532,6425,6425
542,6425,6425
552,6425,6425
562,6425,6425
572,6425,6425
582,6425,6425
592,6425,6425
602,6425,6425
612,6425,6425
622,6425,6425
632,6425,6425
642,6425,6425
652,6425,6425
662,6425,6425
672,6425,6425
682,6425,6425
692,6425,6425
702,6425,6425
136,6384,6384
136,6384,6384
136,6384,6384
144,6384,6384
152,6384,6384
162,6384,6384
172,6384,6384
182,6384,6384
192,6384,6384
202,6384,6384
212,6384,6384
222,6384,6384
232,6384,6384
242,6384,6384
252,6384,6384
262,6384,6384
272,6384,6384
282,6384,6384
292,6384,6384
302,6384,6384
312,6384,6384
322,6384,6384
332,6384,6384
342,6384,6384
352,6384,6384
362,6384,6384
372,6384,6384
382,6384,6384
392,6384,6384
402,6384,6384
412,6384,6384
422,6384,6384
432,6384,6384
442,6384,6384
452,6384,6384
462,6384,6384
472,6384,6384
482,6384,6384
492,6384,6384
502,6384,6384
512,6384,6384
522,6384,6384
532,6384,6384
542,6384,6384
552,6384,6384
562,6384,6384
572,6384,6384
582,6384,6384
592,6384,6384
602,6384,6384
612,6384,6384
622,6384,6384
632,6384,6384
642,6384,6384
652,6384,6384
662,6384,6384
672,6384,6384
682,6384,6384
692,6384,6384
100,6418,6418
136,6418,6418
136,6418,6418
136,6418,6418
144,6418,6418
152,6418,6418
162,6418,6418
172,6418,6418
182,6418,6418
192,6418,6418
202,6418,6418
212,6418,6418
222,6418,6418
232,6418,6418
242,6418,6418
252,6418,6418
262,6418,6418
272,6418,6418
282,6418,6418
292,6418,6418
302,6418,6418
312,6418,6418
322,6418,6418
332,6418,6418
342,6418,6418
352,6418,6418
362,6418,6418
372,6418,6418
382,6418,6418
392,6418,6418
402,6418,6418
412,6418,6418
422,6418,6418
432,6418,6418
442,6418,6418
452,6418,6418
462,6418,6418
472,6418,6418
482,6418,6418
492,6418,6418
502,6418,6418
512,6418,6418
522,6418,6418
532,6418,6418
542,6418,6418
552,6418,6418
562,6418,6418
572,6418,6418
582,6418,6418
592,6418,6418
602,6418,6418
612,6418,6418
622,6418,6418
632,6418,6418
642,6418,6418
652,6418,6418
662,6418,6418
672,6418,6418
682,6418,6418
692,6418,6418
136,6384,6384
136,6384,6384
136,6384,6384
144,6384,6384
152,6384,6384
162,6384,6384
172,6384,6384
182,6384,6384
192,6384,6384
202,6384,6384
212,6384,6384
222,6384,6384
232,6384,6384
242,6384,6384
252,6384,6384
262,6384,6384
272,6384,6384
282,6384,6384
292,6384,6384
302,6384,6384
312,6384,6384
322,6384,6384
332,6384,6384
342,6384,6384
352,6384,6384
362,6384,6384
372,6384,6384
382,6384,6384
392,6384,6384
402,6384,6384
412,6384,6384
422,6384,6384
432,6384,6384
432,6384,6384
442,6384,6384
452,6384,6384
462,6384,6384
472,6384,6384
482,6384,6384
492,6384,6384
502,6384,6384
512,6384,6384
522,6384,6384
532,6384,6384
542,6384,6384
552,6384,6384
562,6384,6384
572,6384,6384
582,6384,6384
592,6384,6384
602,6384,6384
612,6384,6384
622,6384,6384
632,6384,6384
642,6384,6384
652,6384,6384
662,6384,6384
672,6384,6384
682,6384,6384
692,6384,6384
100,6414,6414
136,6414,6414
136,6414,6414
136,6414,6414
144,6414,6414
152,6414,6414
162,6414,6414
172,6414,6414
182,6414,6414
192,6414,6414
202,6414,6414
212,6414,6414
222,6414,6414
232,6414,6414
242,6414,6414
252,6414,6414
262,6414,6414
272,6414,6414
282,6414,6414
292,6414,6414
302,6414,6414
312,6414,6414
322,6414,6414
332,6414,6414
342,6414,6414
352,6414,6414
362,6414,6414
372,6414,6414
382,6414,6414
392,6414,6414
402,6414,6414
412,6414,6414
422,6414,6414
432,6414,6414
442,6414,6414
452,6414,6414
462,6414,6414
472,6414,6414
482,6414,6414
492,6414,6414
502,6414,6414
512,6414,6414
522,6414,6414
532,6414,6414
542,6414,6414
552,6414,6414
562,6414,6414
572,6414,6414
582,6414,6414
592,6414,6414
602,6414,6414
612,6414,6414
622,6414,6414
632,6414,6414
642,6414,6414
652,6414,6414
662,6414,6414
672,6414,6414
682,6414,6414
692,6414,6414
100,6384,6384
136,6384,6384
136,6384,6384
136,6384,6384
144,6384,6384
152,6384,6384
162,6384,6384
172,6384,6384
182,6384,6384
192,6384,6384
202,6384,6384
212,6384,6384
222,6384,6384
232,6384,6384
242,6384,6384
252,6384,6384
262,6384,6384
272,6384,6384
282,6384,6384
292,6384,6384
302,6384,6384
312,6384,6384
322,6384,6384
332,6384,6384
342,6384,6384
352,6384,6384
362,6384,6384
372,6384,6384
382,6384,6384
392,6384,6384
402,6384,6384
412,6384,6384
422,6384,6384
432,6384,6384
442,6384,6384
452,6384,6384
462,6384,6384
472,6384,6384
482,6384,6384
492,6384,6384
502,6384,6384
512,6384,6384
522,6384,6384
532,6384,6384
542,6384,6384
552,6384,6384
562,6384,6384
572,6384,6384
582,6384,6384
592,6384,6384
602,6384,6384
612,6384,6384
622,6384,6384
632,6384,6384
642,6384,6384
652,6384,6384
662,6384,6384
672,6384,6384
682,6384,6384
692,6384,6384
136,6409,6409
136,6409,6409
136,6409,6409
144,6409,6409
152,6409,6409
162,6409,6409
172,6409,6409
182,6409,6409
192,6409,6409
202,6409,6409
212,6409,6409
222,6409,6409
232,6409,6409
242,6409,6409
252,6409,6409
262,6409,6409
272,6409,6409
282,6409,6409
292,6409,6409
302,6409,6409
312,6409,6409
322,6409,6409
332,6409,6409
342,6409,6409
352,6409,6409
362,6409,6409
372,6409,6409
382,6409,6409
392,6409,6409
402,6409,6409
412,6409,6409
422,6409,6409
432,6409,6409
442,6409,6409
452,6409,6409
462,6409,6409
472,6409,6409
482,6409,6409
492,6409,6409
502,6409,6409
512,6409,6409
522,6409,6409
532,6409,6409
542,6409,6409
552,6409,6409
562,6409,6409
572,6409,6409
582,6409,6409
592,6409,6409
602,6409,6409
612,6409,6409
622,6409,6409
632,6409,6409
642,6409,6409
652,6409,6409
662,6409,6409
672,6409,6409
682,6409,6409
692,6409,6409
100,6384,6384
136,6384,6384
136,6384,6384
136,6384,6384
144,6384,6384
152,6384,6384
162,6384,6384
172,6384,6384
182,6384,6384
192,6384,6384
202,6384,6384
212,6384,6384
222,6384,6384
232,6384,6384
242,6384,6384
252,6384,6384
262,6384,6384
272,6384,6384
282,6384,6384
292,6384,6384
302,6384,6384
312,6384,6384
322,6384,6384
332,6384,6384
342,6384,6384
352,6384,6384
362,6384,6384
372,6384,6384
382,6384,6384
392,6384,6384
402,6384,6384
412,6384,6384
422,6384,6384
432,6384,6384
442,6384,6384
452,6384,6384
462,6384,6384
472,6384,6384
482,6384,6384
492,6384,6384
502,6384,6384
512,6384,6384
522,6384,6384
532,6384,6384
542,6384,6384
552,6384,6384
562,6384,6384
572,6384,6384
582,6384,6384
592,6384,6384
602,6384,6384
612,6384,6384
622,6384,6384
632,6384,6384
642,6384,6384
652,6384,6384
662,6384,6384
672,6384,6384
682,6384,6384
692,6384,6384
100,6405,6405
136,6405,6405
136,6405,6405
136,6405,6405
144,6405,6405
152,6405,6405
162,6405,6405
172,6405,6405
182,6405,6405
192,6405,6405
202,6405,6405
212,6405,6405
222,6405,6405
232,6405,6405
242,6405,6405
252,6405,6405
262,6405,6405
272,6405,6405
282,6405,6405
292,6405,6405
302,6405,6405
312,6405,6405
322,6405,6405
332,6405,6405
342,6405,6405
352,6405,6405
362,6405,6405
372,6405,6405
382,6405,6405
392,6405,6405
402,6405,6405
412,6405,6405
422,6405,6405
432,6405,6405
442,6405,6405
452,6405,6405
462,6405,6405
472,6405,6405
482,6405,6405
492,6405,6405
502,6405,6405
512,6405,6405
522,6405,6405
532,6405,6405
542,6405,6405
552,6405,6405
562,6405,6405
572,6405,6405
582,6405,6405
592,6405,6405
602,6405,6405
612,6405,6405
622,6405,6405
632,6405,6405
642,6405,6405
652,6405,6405
662,6405,6405
672,6405,6405
682,6405,6405
692,6405,6405
136,6384,6384
136,6384,6384
136,6384,6384
144,6384,6384
152,6384,6384
162,6384,6384
172,6384,6384
182,6384,6384
192,6384,6384
202,6384,6384
212,6384,6384
222,6384,6384
232,6384,6384
242,6384,6384
252,6384,6384
262,6384,6384
272,6384,6384
282,6384,6384
292,6384,6384
302,6384,6384
312,6384,6384
322,6384,6384
332,6384,6384
342,6384,6384
352,6384,6384
362,6384,6384
372,6384,6384
382,6384,6384
392,6384,6384
402,6384,6384
412,6384,6384
422,6384,6384
432,6384,6384
442,6384,6384
452,6384,6384
462,6384,6384
472,6384,6384
482,6384,6384
492,6384,6384
502,6384,6384
512,6384,6384
522,6384,6384
532,6384,6384
542,6384,6384
552,6384,6384
562,6384,6384
572,6384,6384
582,6384,6384
592,6384,6384
602,6384,6384
612,6384,6384
622,6384,6384
632,6384,6384
642,6384,6384
652,6384,6384
662,6384,6384
672,6384,6384
682,6384,6384
692,6384,6384
702,6384,6384
136,6402,6402
136,6402,6402
136,6402,6402
144,6402,6402
152,6402,6402
162,6402,6402
172,6402,6402
182,6402,6402
192,6402,6402
202,6402,6402
212,6402,6402
222,6402,6402
232,6402,6402
242,6402,6402
252,6402,6402
262,6402,6402
272,6402,6402
282,6402,6402
292,6402,6402
302,6402,6402
312,6402,6402
322,6402,6402
332,6402,6402
342,6402,6402
352,6402,6402
362,6402,6402
372,6402,6402
382,6402,6402
392,6402,6402
402,6402,6402
404,6402,6402
412,6402,6402
422,6402,6402
432,6402,6402
442,6402,6402
452,6402,6402
462,6402,6402
472,6402,6402
482,6402,6402
492,6402,6402
502,6402,6402
512,6402,6402
522,6402,6402
532,6402,6402
542,6402,6402
552,6402,6402
562,6402,6402
572,6402,6402
582,6402,6402
592,6402,6402
602,6402,6402
612,6402,6402
622,6402,6402
632,6402,6402
642,6402,6402
652,6402,6402
662,6402,6402
672,6402,6402
682,6402,6402
692,6402,6402
100,6384,6384
136,6384,6384
136,6384,6384
136,6384,6384
144,6384,6384
152,6384,6384
162,6384,6384
172,6384,6384
182,6384,6384
192,6384,6384
202,6384,6384
212,6384,6384
222,6384,6384
232,6384,6384
242,6384,6384
252,6384,6384
262,6384,6384
272,6384,6384
282,6384,6384
292,6384,6384
302,6384,6384
312,6384,6384
322,6384,6384
332,6384,6384
342,6384,6384
352,6384,6384
362,6384,6384
372,6384,6384
382,6384,6384
392,6384,6384
402,6384,6384
412,6384,6384
422,6384,6384
432,6384,6384
442,6384,6384
452,6384,6384
462,6384,6384
472,6384,6384
482,6384,6384
492,6384,6384
502,6384,6384
512,6384,6384
522,6384,6384
532,6384,6384
542,6384,6384
552,6384,6384
562,6384,6384
572,6384,6384
582,6384,6384
592,6384,6384
602,6384,6384
612,6384,6384
622,6384,6384
632,6384,6384
642,6384,6384
652,6384,6384
662,6384,6384
672,6384,6384
682,6384,6384
692,6384,6384
136,6399,6399
136,6399,6399
136,6399,6399
144,6399,6399
152,6399,6399
162,6399,6399
172,6399,6399
182,6399,6399
192,6399,6399
202,6399,6399
212,6399,6399
222,6399,6399
232,6399,6399
242,6399,6399
252,6399,6399
262,6399,6399
272,6399,6399
282,6399,6399
292,6399,6399
302,6399,6399
312,6399,6399
322,6399,6399
332,6399,6399
342,6399,6399
352,6399,6399
362,6399,6399
372,6399,6399
382,6399,6399
392,6399,6399
402,6399,6399
412,6399,6399
422,6399,6399
432,6399,6399
442,6399,6399
452,6399,6399
462,6399,6399
472,6399,6399
482,6399,6399
492,6399,6399
502,6399,6399
512,6399,6399
522,6399,6399
532,6399,6399
542,6399,6399
552,6399,6399
562,6399,6399
572,6399,6399
582,6399,6399
592,6399,6399
602,6399,6399
612,6399,6399
622,6399,6399
632,6399,6399
642,6399,6399
652,6399,6399
662,6399,6399
672,6399,6399
682,6399,6399
692,6399,6399
100,6384,6384
136,6384,6384
136,6384,6384
136,6384,6384
144,6384,6384
152,6384,6384
162,6384,6384
172,6384,6384
182,6384,6384
192,6384,6384
202,6384,6384
212,6384,6384
222,6384,6384
232,6384,6384
242,6384,6384
252,6384,6384
262,6384,6384
272,6384,6384
282,6384,6384
292,6384,6384
302,6384,6384
312,6384,6384
322,6384,6384
332,6384,6384
342,6384,6384
352,6384,6384
362,6384,6384
372,6384,6384
382,6384,6384
392,6384,6384
402,6384,6384
412,6384,6384
422,6384,6384
432,6384,6384
442,6384,6384
452,6384,6384
462,6384,6384
472,6384,6384
482,6384,6384
492,6384,6384
502,6384,6384
512,6384,6384
522,6384,6384
532,6384,6384
542,6384,6384
552,6384,6384
562,6384,6384
572,6384,6384
582,6384,6384
592,6384,6384
602,6384,6384
612,6384,6384
622,6384,6384
632,6384,6384
642,6384,6384
652,6384,6384
662,6384,6384
672,6384,6384
682,6384,6384
692,6384,6384
100,6396,6396
136,6396,6396
136,6396,6396
136,6396,6396
144,6396,6396
152,6396,6396
162,6396,6396
172,6396,6396
182,6396,6396
192,6396,6396
202,6396,6396
212,6396,6396
222,6396,6396
232,6396,6396
242,6396,6396
252,6396,6396
262,6396,6396
272,6396,6396
282,6396,6396
292,6396,6396
302,6396,6396
312,6396,6396
322,6396,6396
332,6396,6396
342,6396,6396
352,6396,6396
362,6396,6396
372,6396,6396
382,6396,6396
392,6396,6396
402,6396,6396
412,6396,6396
422,6396,6396
432,6396,6396
442,6396,6396
452,6396,6396
462,6396,6396
472,6396,6396
482,6396,6396
492,6396,6396
502,6396,6396
512,6396,6396
522,6396,6396
532,6396,6396
542,6396,6396
552,6396,6396
562,6396,6396
572,6396,6396
582,6396,6396
592,6396,6396
602,6396,6396
612,6396,6396
622,6396,6396
632,6396,6396
642,6396,6396
652,6396,6396
662,6396,6396
672,6396,6396
682,6396,6396
692,6396,6396
136,6384,6384
136,6384,6384
136,6384,6384
144,6384,6384
152,6384,6384
162,6384,6384
172,6384,6384
182,6384,6384
192,6384,6384
202,6384,6384
212,6384,6384
222,6384,6384
232,6384,6384
242,6384,6384
252,6384,6384
262,6384,6384
272,6384,6384
282,6384,6384
292,6384,6384
302,6384,6384
312,6384,6384
322,6384,6384
332,6384,6384
342,6384,6384
352,6384,6384
362,6384,6384
372,6384,6384
382,6384,6384
392,6384,6384
402,6384,6384
412,6384,6384
422,6384,6384
432,6384,6384
442,6384,6384
452,6384,6384
462,6384,6384
472,6384,6384
482,6384,6384
492,6384,6384
502,6384,6384
512,6384,6384
522,6384,6384
532,6384,6384
542,6384,6384
552,6384,6384
562,6384,6384
572,6384,6384
582,6384,6384
592,6384,6384
602,6384,6384
612,6384,6384
612,6384,6384
622,6384,6384
632,6384,6384
642,6384,6384
652,6384,6384
662,6384,6384
672,6384,6384
682,6384,6384
692,6384,6384
100,6394,6394
136,6394,6394
136,6394,6394
136,6394,6394
144,6394,6394
152,6394,6394
162,6394,6394
172,6394,6394
182,6394,6394
192,6394,6394
202,6394,6394
212,6394,6394
222,6394,6394
232,6394,6394
242,6394,6394
252,6394,6394
262,6394,6394
272,6394,6394
282,6394,6394
292,6394,6394
302,6394,6394
312,6394,6394
322,6394,6394
332,6394,6394
342,6394,6394
352,6394,6394
362,6394,6394
372,6394,6394
382,6394,6394
392,6394,6394
402,6394,6394
412,6394,6394
422,6394,6394
432,6394,6394
442,6394,6394
452,6394,6394
462,6394,6394
472,6394,6394
482,6394,6394
492,6394,6394
502,6394,6394
512,6394,6394
522,6394,6394
532,6394,6394
542,6394,6394
552,6394,6394
562,6394,6394
572,6394,6394
582,6394,6394
592,6394,6394
602,6394,6394
612,6394,6394
622,6394,6394
632,6394,6394
642,6394,6394
652,6394,6394
662,6394,6394
672,6394,6394
682,6394,6394
692,6394,6394
100,6384,6384
136,6384,6384
136,6384,6384
136,6384,6384
144,6384,6384
152,6384,6384
162,6384,6384
172,6384,6384
182,6384,6384
192,6384,6384
202,6384,6384
212,6384,6384
222,6384,6384
232,6384,6384
242,6384,6384
252,6384,6384
262,6384,6384
272,6384,6384
282,6384,6384
292,6384,6384
302,6384,6384
312,6384,6384
322,6384,6384
332,6384,6384
342,6384,6384
352,6384,6384
362,6384,6384
372,6384,6384
382,6384,6384
392,6384,6384
402,6384,6384
412,6384,6384
422,6384,6384
432,6384,6384
442,6384,6384
452,6384,6384
462,6384,6384
472,6384,6384
482,6384,6384
492,6384,6384
502,6384,6384
512,6384,6384
522,6384,6384
532,6384,6384
542,6384,6384
552,6384,6384
562,6384,6384
572,6384,6384
582,6384,6384
592,6384,6384
602,6384,6384
612,6384,6384
622,6384,6384
632,6384,6384
642,6384,6384
652,6384,6384
662,6384,6384
672,6384,6384
682,6384,6384
692,6384,6384
136,6392,6392
136,6392,6392
136,6392,6392
144,6392,6392
152,6392,6392
162,6392,6392
172,6392,6392
182,6392,6392
192,6392,6392
202,6392,6392
212,6392,6392
222,6392,6392
232,6392,6392
242,6392,6392
252,6392,6392
262,6392,6392
272,6392,6392
282,6392,6392
292,6392,6392
302,6392,6392
312,6392,6392
322,6392,6392
332,6392,6392
342,6392,6392
352,6392,6392
362,6392,6392
372,6392,6392
382,6392,6392
392,6392,6392
402,6392,6392
412,6392,6392
422,6392,6392
432,6392,6392
442,6392,6392
452,6392,6392
462,6392,6392
472,6392,6392
482,6392,6392
492,6392,6392
502,6392,6392
512,6392,6392
522,6392,6392
532,6392,6392
542,6392,6392
552,6392,6392
562,6392,6392
572,6392,6392
582,6392,6392
592,6392,6392
602,6392,6392
612,6392,6392
622,6392,6392
632,6392,6392
642,6392,6392
652,6392,6392
662,6392,6392
672,6392,6392
682,6392,6392
692,6392,6392
100,6384,6384
136,6384,6384
136,6384,6384
136,6384,6384
144,6384,6384
152,6384,6384
162,6384,6384
172,6384,6384
182,6384,6384
192,6384,6384
202,6384,6384
212,6384,6384
222,6384,6384
232,6384,6384
242,6384,6384
252,6384,6384
262,6384,6384
272,6384,6384
282,6384,6384
292,6384,6384
302,6384,6384
312,6384,6384
322,6384,6384
332,6384,6384
342,6384,6384
352,6384,6384
362,6384,6384
372,6384,6384
382,6384,6384
392,6384,6384
402,6384,6384
412,6384,6384
422,6384,6384
432,6384,6384
442,6384,6384
452,6384,6384
462,6384,6384
472,6384,6384
482,6384,6384
492,6384,6384
502,6384,6384
512,6384,6384
522,6384,6384
532,6384,6384
542,6384,6384
552,6384,6384
562,6384,6384
572,6384,6384
582,6384,6384
592,6384,6384
602,6384,6384
612,6384,6384
622,6384,6384
632,6384,6384
642,6384,6384
652,6384,6384
662,6384,6384
672,6384,6384
682,6384,6384
692,6384,6384
100,6391,6391
136,6391,6391
136,6391,6391
136,6391,6391
144,6391,6391
152,6391,6391
162,6391,6391
172,6391,6391
182,6391,6391
192,6391,6391
202,6391,6391
212,6391,6391
222,6391,6391
232,6391,6391
242,6391,6391
252,6391,6391
262,6391,6391
272,6391,6391
282,6391,6391
292,6391,6391
302,6391,6391
312,6391,6391
322,6391,6391
332,6391,6391
342,6391,6391
352,6391,6391
362,6391,6391
372,6391,6391
382,6391,6391
392,6391,6391
402,6391,6391
412,6391,6391
422,6391,6391
432,6391,6391
442,6391,6391
452,6391,6391
462,6391,6391
472,6391,6391
482,6391,6391
492,6391,6391
502,6391,6391
512,6391,6391
522,6391,6391
532,6391,6391
542,6391,6391
552,6391,6391
562,6391,6391
572,6391,6391
582,6391,6391
592,6391,6391
602,6391,6391
612,6391,6391
622,6391,6391
632,6391,6391
642,6391,6391
652,6391,6391
662,6391,6391
672,6391,6391
682,6391,6391
692,6391,6391
136,6384,6384
136,6384,6384
136,6384,6384
144,6384,6384
152,6384,6384
162,6384,6384
172,6384,6384
182,6384,6384
192,6384,6384
202,6384,6384
212,6384,6384
222,6384,6384
232,6384,6384
242,6384,6384
252,6384,6384
262,6384,6384
272,6384,6384
282,6384,6384
292,6384,6384
302,6384,6384
312,6384,6384
322,6384,6384
332,6384,6384
342,6384,6384
352,6384,6384
362,6384,6384
372,6384,6384
382,6384,6384
392,6384,6384
402,6384,6384
412,6384,6384
422,6384,6384
432,6384,6384
442,6384,6384
452,6384,6384
462,6384,6384
472,6384,6384
482,6384,6384
492,6384,6384
502,6384,6384
512,6384,6384
522,6384,6384
532,6384,6384
542,6384,6384
552,6384,6384
562,6384,6384
572,6384,6384
582,6384,6384
592,6384,6384
602,6384,6384
612,6384,6384
622,6384,6384
632,6384,6384
642,6384,6384
652,6384,6384
662,6384,6384
672,6384,6384
682,6384,6384
692,6384,6384
702,6384,6384
136,6389,6389
136,6389,6389
136,6389,6389
144,6389,6389
152,6389,6389
162,6389,6389
162,6389,6389
172,6389,6389
182,6389,6389
192,6389,6389
202,6389,6389
212,6389,6389
222,6389,6389
232,6389,6389
242,6389,6389
252,6389,6389
262,6389,6389
272,6389,6389
282,6389,6389
292,6389,6389
302,6389,6389
312,6389,6389
322,6389,6389
332,6389,6389
342,6389,6389
352,6389,6389
362,6389,6389
372,6389,6389
382,6389,6389
392,6389,6389
402,6389,6389
412,6389,6389
422,6389,6389
432,6389,6389
442,6389,6389
452,6389,6389
462,6389,6389
472,6389,6389
482,6389,6389
492,6389,6389
502,6389,6389
512,6389,6389
522,6389,6389
532,6389,6389
