# Command line arguments:  -XX:+UseG1GC -Xmx7g  Program arguments:  --manual_gc 

used memory, total memory, maximum memory
6,256,7168
151,256,7168
141,275,7168
225,337,7168
347,754,7168
366,1516,7168
483,1516,7168
661,1516,7168
864,1516,7168
562,1538,7168
750,1538,7168
969,1538,7168
772,1555,7168
958,1555,7168
878,1573,7168
1053,1573,7168
944,1592,7168
1045,1616,7168
1136,1706,7168
1167,1768,7168
1180,1780,7168
1204,1804,7168
1182,1811,7168
1253,1877,7168
1270,1920,7168
1272,1923,7168
1272,1923,7168
1277,1926,7168
1283,1932,7168
1283,1932,7168
1283,1932,7168
1251,2037,7168
1296,2037,7168
1406,2108,7168
1436,2216,7168
1507,2435,7168
1589,2435,7168
1636,2477,7168
1649,2489,7168
1657,2498,7168
1671,2510,7168
1672,2513,7168
1547,2541,7168
1563,2541,7168
1577,2541,7168
1584,2541,7168
1610,2541,7168
1726,2601,7168
1683,2758,7168
1848,2863,7168
2020,3040,7168
2089,3148,7168
2075,3188,7168
2119,3315,7168
2165,3438,7168
2315,3501,7168
2326,3510,7168
2368,3549,7168
2283,3575,7168
2318,3575,7168
2350,3584,7168
2397,3626,7168
2449,3674,7168
2291,3707,7168
2328,3707,7168
2390,3707,7168
2511,3785,7168
2492,3854,7168
2617,3995,7168
2754,4175,7168
2802,4271,7168
2922,4385,7168
2951,4466,7168
2993,4560,7168
3041,4692,7168
3208,4815,7168
3221,4827,7168
3117,4843,7168
3113,4997,7168
3213,5154,7168
3440,5205,7168
3519,5277,7168
3391,5303,7168
3450,5303,7168
3500,5318,7168
3451,5462,7168
3525,5625,7168
3777,5700,7168
3799,5785,7168
3914,5953,7168
4027,6118,7168
4117,6268,7168
4307,6449,7168
1,8,7168
255,377,7168
265,390,7168
275,403,7168
285,416,7168
287,419,7168
295,429,7168
305,442,7168
315,455,7168
325,468,7168
335,481,7168
345,494,7168
355,507,7168
365,520,7168
367,523,7168
375,533,7168
385,546,7168
395,559,7168
405,572,7168
415,585,7168
425,598,7168
425,598,7168
435,611,7168
445,624,7168
455,637,7168
465,650,7168
475,663,7168
485,676,7168
495,689,7168
505,702,7168
515,715,7168
525,728,7168
535,741,7168
545,754,7168
555,767,7168
565,780,7168
575,793,7168
577,796,7168
585,806,7168
595,819,7168
605,832,7168
615,845,7168
625,858,7168
635,871,7168
645,884,7168
655,897,7168
665,910,7168
675,923,7168
685,936,7168
695,949,7168
705,962,7168
715,975,7168
725,988,7168
735,1001,7168
745,1014,7168
755,1027,7168
765,1040,7168
775,1053,7168
785,1066,7168
795,1079,7168
805,1092,7168
815,1105,7168
825,1118,7168
835,1131,7168
845,1144,7168
855,1157,7168
865,1170,7168
875,1183,7168
885,1196,7168
895,1209,7168
905,1222,7168
915,1235,7168
925,1248,7168
935,1261,7168
945,1274,7168
951,1282,7168
955,1287,7168
965,1300,7168
975,1313,7168
985,1326,7168
995,1339,7168
1005,1352,7168
1015,1365,7168
1025,1378,7168
1035,1391,7168
1045,1404,7168
1055,1417,7168
1065,1430,7168
1075,1443,7168
1085,1456,7168
1095,1469,7168
1105,1482,7168
1115,1495,7168
1125,1508,7168
1135,1521,7168
1145,1534,7168
1155,1547,7168
1165,1560,7168
1175,1573,7168
1185,1586,7168
1195,1599,7168
1205,1612,7168
1215,1625,7168
1225,1638,7168
1235,1651,7168
1245,1664,7168
1255,1677,7168
1265,1690,7168
1275,1703,7168
1285,1716,7168
1295,1729,7168
1305,1742,7168
1315,1755,7168
1325,1768,7168
1335,1781,7168
1345,1794,7168
1355,1807,7168
100,2891,7168
111,2891,7168
121,2891,7168
131,2891,7168
141,2891,7168
151,2891,7168
161,2891,7168
163,2891,7168
171,2891,7168
181,2891,7168
191,2891,7168
201,2891,7168
211,2891,7168
221,2891,7168
231,2891,7168
241,2891,7168
251,2891,7168
261,2891,7168
271,2891,7168
281,2891,7168
291,2891,7168
301,2891,7168
311,2891,7168
321,2891,7168
331,2891,7168
341,2891,7168
351,2891,7168
357,2891,7168
361,2891,7168
371,2891,7168
381,2891,7168
391,2891,7168
401,2891,7168
411,2891,7168
421,2891,7168
431,2891,7168
441,2891,7168
451,2891,7168
461,2891,7168
471,2891,7168
481,2891,7168
491,2891,7168
501,2891,7168
511,2891,7168
521,2891,7168
531,2891,7168
541,2891,7168
551,2891,7168
561,2891,7168
571,2891,7168
581,2891,7168
591,2891,7168
601,2891,7168
611,2891,7168
621,2891,7168
631,2891,7168
641,2891,7168
651,2891,7168
661,2891,7168
671,2891,7168
681,2891,7168
691,2891,7168
701,2891,7168
711,2891,7168
721,2891,7168
731,2891,7168
741,2891,7168
751,2891,7168
761,2891,7168
771,2891,7168
781,2891,7168
791,2891,7168
801,2891,7168
811,2891,7168
821,2891,7168
831,2891,7168
841,2891,7168
851,2891,7168
861,2891,7168
871,2891,7168
881,2891,7168
891,2891,7168
901,2891,7168
911,2891,7168
921,2891,7168
931,2891,7168
941,2891,7168
951,2891,7168
961,2891,7168
971,2891,7168
981,2891,7168
111,2891,7168
121,2891,7168
127,2891,7168
131,2891,7168
141,2891,7168
151,2891,7168
161,2891,7168
171,2891,7168
181,2891,7168
191,2891,7168
201,2891,7168
211,2891,7168
221,2891,7168
231,2891,7168
241,2891,7168
251,2891,7168
261,2891,7168
271,2891,7168
281,2891,7168
291,2891,7168
301,2891,7168
311,2891,7168
321,2891,7168
331,2891,7168
341,2891,7168
351,2891,7168
361,2891,7168
371,2891,7168
381,2891,7168
391,2891,7168
401,2891,7168
411,2891,7168
421,2891,7168
431,2891,7168
441,2891,7168
451,2891,7168
461,2891,7168
471,2891,7168
481,2891,7168
491,2891,7168
501,2891,7168
511,2891,7168
521,2891,7168
531,2891,7168
541,2891,7168
551,2891,7168
561,2891,7168
571,2891,7168
581,2891,7168
591,2891,7168
601,2891,7168
611,2891,7168
621,2891,7168
631,2891,7168
641,2891,7168
651,2891,7168
661,2891,7168
671,2891,7168
681,2891,7168
691,2891,7168
701,2891,7168
711,2891,7168
721,2891,7168
731,2891,7168
741,2891,7168
751,2891,7168
761,2891,7168
771,2891,7168
781,2891,7168
791,2891,7168
801,2891,7168
811,2891,7168
821,2891,7168
831,2891,7168
841,2891,7168
851,2891,7168
861,2891,7168
871,2891,7168
881,2891,7168
891,2891,7168
901,2891,7168
911,2891,7168
921,2891,7168
931,2891,7168
941,2891,7168
951,2891,7168
961,2891,7168
971,2891,7168
981,2891,7168
991,2891,7168
1001,2891,7168
1011,2891,7168
1021,2891,7168
1031,2891,7168
1041,2891,7168
1051,2891,7168
1061,2891,7168
1071,2891,7168
1081,2891,7168
1091,2891,7168
1101,2891,7168
1111,2891,7168
1121,2891,7168
1127,2891,7168
1131,2891,7168
1141,2891,7168
1151,2891,7168
1161,2891,7168
1171,2891,7168
1181,2891,7168
1191,2891,7168
1201,2891,7168
1211,2891,7168
1221,2891,7168
1231,2891,7168
1241,2891,7168
1251,2891,7168
1261,2891,7168
1271,2891,7168
1281,2891,7168
1291,2891,7168
1301,2891,7168
1311,2891,7168
1321,2891,7168
1331,2891,7168
1341,2891,7168
1351,2891,7168
1361,2891,7168
1371,2891,7168
1381,2891,7168
1391,2891,7168
1401,2891,7168
1411,2891,7168
1421,2891,7168
1431,2891,7168
1441,2891,7168
1451,2891,7168
1461,2891,7168
1471,2891,7168
1481,2891,7168
1491,2891,7168
1501,2891,7168
1511,2891,7168
1521,2891,7168
1531,2891,7168
1541,2891,7168
1551,2891,7168
1561,2891,7168
1571,2891,7168
1581,2891,7168
1591,2891,7168
1601,2891,7168
1611,2891,7168
1621,2891,7168
1631,2891,7168
1641,2891,7168
1651,2891,7168
1661,2891,7168
1671,2891,7168
1681,2891,7168
1691,2891,7168
1701,2891,7168
1711,2891,7168
1721,2891,7168
1731,2891,7168
1741,2891,7168
1751,2891,7168
1761,2891,7168
1771,2891,7168
1781,2891,7168
1791,2891,7168
1801,2891,7168
1811,2891,7168
1821,2891,7168
1831,2891,7168
1841,2891,7168
1851,2891,7168
1861,2891,7168
1871,2891,7168
1881,2891,7168
1891,2891,7168
1901,2891,7168
1911,2891,7168
1921,2891,7168
1931,2891,7168
1941,2891,7168
1951,2891,7168
1961,2891,7168
1971,2891,7168
1981,2891,7168
1991,2891,7168
2001,2891,7168
2011,2891,7168
2021,2891,7168
2031,2891,7168
2041,2891,7168
2051,2891,7168
2061,2891,7168
2071,2891,7168
2081,2891,7168
2091,2891,7168
2101,2891,7168
2111,2891,7168
2121,2891,7168
2131,2891,7168
2141,2891,7168
2151,2891,7168
2161,2891,7168
2171,2891,7168
2181,2891,7168
2191,2896,7168
2201,2909,7168
2211,2922,7168
2221,2935,7168
2231,2948,7168
2241,2961,7168
2251,2974,7168
2251,2974,7168
2261,2987,7168
2271,3000,7168
2281,3013,7168
2291,3026,7168
2301,3039,7168
2311,3052,7168
2321,3065,7168
2331,3078,7168
2341,3091,7168
2351,3104,7168
2361,3117,7168
2371,3130,7168
2381,3143,7168
2391,3156,7168
2401,3169,7168
2411,3182,7168
2421,3195,7168
2431,3208,7168
2441,3221,7168
2451,3234,7168
2461,3247,7168
2471,3260,7168
2481,3273,7168
2491,3286,7168
2501,3299,7168
2511,3312,7168
2521,3325,7168
2531,3338,7168
2541,3351,7168
2551,3364,7168
2561,3377,7168
2571,3390,7168
2581,3403,7168
2591,3416,7168
2601,3429,7168
2611,3442,7168
2621,3455,7168
2631,3468,7168
2641,3481,7168
2651,3494,7168
2661,3507,7168
2671,3520,7168
2681,3533,7168
2691,3546,7168
2701,3559,7168
2711,3572,7168
2721,3585,7168
2731,3598,7168
2741,3611,7168
2751,3624,7168
2761,3637,7168
2771,3650,7168
2781,3663,7168
2791,3676,7168
2801,3689,7168
2811,3702,7168
2821,3715,7168
2831,3728,7168
2841,3741,7168
2851,3754,7168
2861,3767,7168
2871,3780,7168
2881,3793,7168
2891,3806,7168
2901,3819,7168
2911,3832,7168
2921,3845,7168
2931,3858,7168
2941,3871,7168
2951,3884,7168
2961,3897,7168
2971,3910,7168
2981,3923,7168
2991,3936,7168
3001,3949,7168
3011,3962,7168
3021,3975,7168
3031,3988,7168
3041,4001,7168
3051,4014,7168
3061,4027,7168
3071,4040,7168
3081,4053,7168
3091,4066,7168
3101,4079,7168
3111,4092,7168
3121,4105,7168
3131,4118,7168
3141,4131,7168
3151,4144,7168
3161,4157,7168
3171,4170,7168
3181,4183,7168
3191,4196,7168
3201,4209,7168
3211,4222,7168
3221,4235,7168
3231,4248,7168
3241,4261,7168
3251,4274,7168
3261,4287,7168
3271,4300,7168
3281,4313,7168
3291,4326,7168
3301,4339,7168
3311,4352,7168
3321,4365,7168
3331,4378,7168
3341,4391,7168
3351,4404,7168
3361,4417,7168
3371,4430,7168
3381,4443,7168
3391,4456,7168
3401,4469,7168
3411,4482,7168
3421,4495,7168
3427,4503,7168
3431,4508,7168
3441,4521,7168
3451,4534,7168
3461,4547,7168
3471,4560,7168
3481,4573,7168
3491,4586,7168
3501,4599,7168
3511,4612,7168
3521,4625,7168
3531,4638,7168
3541,4651,7168
3551,4664,7168
3561,4677,7168
3571,4690,7168
3581,4703,7168
3591,4716,7168
3601,4729,7168
3611,4742,7168
3621,4755,7168
3631,4768,7168
3641,4781,7168
3651,4794,7168
3661,4807,7168
3671,4820,7168
3681,4833,7168
3691,4846,7168
3701,4859,7168
3711,4872,7168
3721,4885,7168
3731,4898,7168
3741,4911,7168
3751,4924,7168
3761,4937,7168
3771,4950,7168
3781,4963,7168
3791,4976,7168
3801,4989,7168
3811,5002,7168
3821,5015,7168
3831,5028,7168
3841,5041,7168
3851,5054,7168
3861,5067,7168
3871,5080,7168
3881,5093,7168
3891,5106,7168
3901,5119,7168
3911,5132,7168
3921,5145,7168
3931,5158,7168
3941,5171,7168
3951,5184,7168
3961,5197,7168
3971,5210,7168
3981,5223,7168
3991,5236,7168
4001,5249,7168
4011,5262,7168
4021,5275,7168
4031,5288,7168
4041,5301,7168
4051,5314,7168
4061,5327,7168
4071,5340,7168
4081,5353,7168
4091,5366,7168
4101,5379,7168
4111,5392,7168
4121,5405,7168
4131,5418,7168
4141,5431,7168
4151,5444,7168
4161,5457,7168
4171,5470,7168
4181,5483,7168
4191,5496,7168
4201,5509,7168
4211,5522,7168
4221,5535,7168
4231,5548,7168
4241,5561,7168
4251,5574,7168
4261,5587,7168
4271,5600,7168
4281,5613,7168
4291,5626,7168
4301,5639,7168
4311,5652,7168
4321,5665,7168
4331,5678,7168
4341,5691,7168
4351,5704,7168
4361,5717,7168
4371,5730,7168
4381,5743,7168
4391,5756,7168
4401,5769,7168
4411,5782,7168
4421,5795,7168
4431,5808,7168
4441,5821,7168
4451,5834,7168
4461,5847,7168
4471,5860,7168
4481,5873,7168
4491,5886,7168
4497,5894,7168
4501,5899,7168
4511,5912,7168
4521,5925,7168
4531,5938,7168
4541,5951,7168
4551,5964,7168
4561,5977,7168
4571,5990,7168
4581,6003,7168
4591,6016,7168
4601,6029,7168
4611,6042,7168
4621,6055,7168
4631,6068,7168
4641,6081,7168
4651,6094,7168
4661,6107,7168
4671,6120,7168
4681,6133,7168
4691,6146,7168
4701,6159,7168
4711,6172,7168
4721,6185,7168
4731,6198,7168
4741,6211,7168
4751,6224,7168
4761,6237,7168
4771,6250,7168
4781,6263,7168
4791,6276,7168
4801,6289,7168
4811,6302,7168
4821,6315,7168
4831,6328,7168
4841,6341,7168
4851,6354,7168
4861,6367,7168
4871,6380,7168
4881,6393,7168
4891,6406,7168
4901,6419,7168
4911,6432,7168
4921,6445,7168
4931,6458,7168
4941,6471,7168
4951,6484,7168
4961,6497,7168
4971,6510,7168
4981,6523,7168
4991,6536,7168
5001,6549,7168
5011,6562,7168
5021,6575,7168
5031,6588,7168
5041,6601,7168
5051,6614,7168
5061,6627,7168
5071,6640,7168
5081,6653,7168
5091,6666,7168
5101,6679,7168
5111,6692,7168
5121,6705,7168
5131,6718,7168
5141,6731,7168
5151,6744,7168
5161,6757,7168
5171,6770,7168
5181,6783,7168
5191,6796,7168
5201,6809,7168
5211,6822,7168
5221,6835,7168
5231,6848,7168
5241,6861,7168
5251,6874,7168
5261,6887,7168
5271,6900,7168
5281,6913,7168
5291,6926,7168
5301,6939,7168
5311,6952,7168
5321,6965,7168
5331,6978,7168
5341,6991,7168
5351,7004,7168
5361,7017,7168
5371,7030,7168
5381,7043,7168
5391,7056,7168
5401,7069,7168
5411,7082,7168
5421,7095,7168
5431,7108,7168
5441,7121,7168
5451,7134,7168
5461,7147,7168
5471,7160,7168
108,7168,7168
109,7168,7168
119,7168,7168
129,7168,7168
139,7168,7168
149,7168,7168
159,7168,7168
169,7168,7168
179,7168,7168
189,7168,7168
199,7168,7168
209,7168,7168
219,7168,7168
229,7168,7168
239,7168,7168
249,7168,7168
259,7168,7168
269,7168,7168
279,7168,7168
289,7168,7168
299,7168,7168
309,7168,7168
319,7168,7168
329,7168,7168
339,7168,7168
349,7168,7168
359,7168,7168
369,7168,7168
379,7168,7168
389,7168,7168
399,7168,7168
409,7168,7168
419,7168,7168
429,7168,7168
439,7168,7168
449,7168,7168
459,7168,7168
469,7168,7168
479,7168,7168
489,7168,7168
499,7168,7168
509,7168,7168
519,7168,7168
529,7168,7168
539,7168,7168
549,7168,7168
559,7168,7168
569,7168,7168
579,7168,7168
589,7168,7168
599,7168,7168
609,7168,7168
619,7168,7168
629,7168,7168
639,7168,7168
639,7168,7168
649,7168,7168
659,7168,7168
669,7168,7168
679,7168,7168
689,7168,7168
699,7168,7168
709,7168,7168
719,7168,7168
729,7168,7168
739,7168,7168
749,7168,7168
759,7168,7168
769,7168,7168
779,7168,7168
789,7168,7168
799,7168,7168
809,7168,7168
819,7168,7168
829,7168,7168
839,7168,7168
849,7168,7168
859,7168,7168
869,7168,7168
879,7168,7168
889,7168,7168
899,7168,7168
909,7168,7168
919,7168,7168
929,7168,7168
939,7168,7168
949,7168,7168
959,7168,7168
969,7168,7168
979,7168,7168
989,7168,7168
999,7168,7168
1009,7168,7168
1019,7168,7168
1029,7168,7168
1039,7168,7168
1049,7168,7168
1059,7168,7168
1069,7168,7168
1079,7168,7168
1089,7168,7168
1099,7168,7168
1109,7168,7168
1119,7168,7168
1129,7168,7168
1139,7168,7168
1149,7168,7168
1159,7168,7168
1169,7168,7168
1179,7168,7168
1185,7168,7168
1189,7168,7168
1199,7168,7168
1209,7168,7168
1219,7168,7168
1229,7168,7168
1239,7168,7168
1249,7168,7168
1259,7168,7168
1269,7168,7168
1279,7168,7168
1289,7168,7168
1299,7168,7168
1309,7168,7168
1319,7168,7168
1329,7168,7168
1339,7168,7168
1349,7168,7168
1359,7168,7168
1369,7168,7168
1379,7168,7168
1389,7168,7168
1399,7168,7168
1409,7168,7168
1419,7168,7168
1429,7168,7168
1439,7168,7168
1449,7168,7168
1459,7168,7168
1469,7168,7168
1479,7168,7168
1489,7168,7168
1499,7168,7168
1509,7168,7168
1519,7168,7168
1529,7168,7168
1539,7168,7168
1549,7168,7168
1559,7168,7168
1569,7168,7168
1579,7168,7168
1589,7168,7168
1599,7168,7168
1609,7168,7168
1619,7168,7168
1629,7168,7168
1639,7168,7168
1649,7168,7168
1659,7168,7168
1669,7168,7168
1679,7168,7168
1689,7168,7168
1699,7168,7168
1709,7168,7168
1719,7168,7168
1729,7168,7168
1739,7168,7168
1749,7168,7168
1759,7168,7168
1769,7168,7168
1779,7168,7168
1789,7168,7168
1799,7168,7168
1809,7168,7168
1819,7168,7168
1821,7168,7168
1829,7168,7168
1839,7168,7168
1849,7168,7168
1859,7168,7168
1869,7168,7168
1879,7168,7168
1889,7168,7168
1899,7168,7168
1909,7168,7168
1919,7168,7168
1929,7168,7168
1939,7168,7168
1949,7168,7168
1959,7168,7168
1969,7168,7168
1979,7168,7168
1989,7168,7168
1999,7168,7168
2009,7168,7168
2019,7168,7168
2029,7168,7168
2039,7168,7168
2049,7168,7168
2059,7168,7168
2069,7168,7168
2079,7168,7168
2089,7168,7168
2099,7168,7168
2109,7168,7168
2119,7168,7168
2129,7168,7168
2139,7168,7168
2149,7168,7168
2159,7168,7168
2169,7168,7168
2179,7168,7168
2189,7168,7168
2199,7168,7168
2209,7168,7168
2219,7168,7168
2229,7168,7168
2239,7168,7168
2249,7168,7168
2259,7168,7168
2269,7168,7168
2279,7168,7168
2289,7168,7168
2299,7168,7168
2309,7168,7168
2319,7168,7168
2329,7168,7168
2339,7168,7168
2349,7168,7168
2359,7168,7168
2369,7168,7168
2379,7168,7168
2389,7168,7168
2399,7168,7168
2409,7168,7168
2419,7168,7168
2429,7168,7168
2439,7168,7168
2449,7168,7168
2459,7168,7168
108,7168,7168
109,7168,7168
119,7168,7168
129,7168,7168
139,7168,7168
149,7168,7168
159,7168,7168
169,7168,7168
179,7168,7168
189,7168,7168
199,7168,7168
209,7168,7168
219,7168,7168
229,7168,7168
239,7168,7168
249,7168,7168
259,7168,7168
269,7168,7168
279,7168,7168
289,7168,7168
299,7168,7168
309,7168,7168
319,7168,7168
329,7168,7168
339,7168,7168
349,7168,7168
359,7168,7168
369,7168,7168
379,7168,7168
389,7168,7168
399,7168,7168
409,7168,7168
419,7168,7168
429,7168,7168
439,7168,7168
449,7168,7168
459,7168,7168
469,7168,7168
479,7168,7168
489,7168,7168
499,7168,7168
509,7168,7168
519,7168,7168
529,7168,7168
539,7168,7168
549,7168,7168
559,7168,7168
569,7168,7168
579,7168,7168
589,7168,7168
599,7168,7168
609,7168,7168
619,7168,7168
629,7168,7168
639,7168,7168
649,7168,7168
659,7168,7168
669,7168,7168
679,7168,7168
689,7168,7168
699,7168,7168
709,7168,7168
719,7168,7168
729,7168,7168
739,7168,7168
749,7168,7168
759,7168,7168
769,7168,7168
779,7168,7168
789,7168,7168
799,7168,7168
809,7168,7168
819,7168,7168
829,7168,7168
839,7168,7168
849,7168,7168
859,7168,7168
869,7168,7168
879,7168,7168
889,7168,7168
899,7168,7168
909,7168,7168
919,7168,7168
929,7168,7168
939,7168,7168
949,7168,7168
959,7168,7168
969,7168,7168
979,7168,7168
989,7168,7168
999,7168,7168
1009,7168,7168
1019,7168,7168
1029,7168,7168
1039,7168,7168
1049,7168,7168
1059,7168,7168
1069,7168,7168
1079,7168,7168
1089,7168,7168
1099,7168,7168
1109,7168,7168
1119,7168,7168
1129,7168,7168
1139,7168,7168
1149,7168,7168
1159,7168,7168
1169,7168,7168
1179,7168,7168
1189,7168,7168
1199,7168,7168
1209,7168,7168
1219,7168,7168
1229,7168,7168
1239,7168,7168
1249,7168,7168
1259,7168,7168
1269,7168,7168
1279,7168,7168
1289,7168,7168
1299,7168,7168
1309,7168,7168
1319,7168,7168
1329,7168,7168
1339,7168,7168
1349,7168,7168
1359,7168,7168
1369,7168,7168
1379,7168,7168
1389,7168,7168
1399,7168,7168
1409,7168,7168
1419,7168,7168
1429,7168,7168
1439,7168,7168
1449,7168,7168
1459,7168,7168
1469,7168,7168
1479,7168,7168
1489,7168,7168
1499,7168,7168
1509,7168,7168
1519,7168,7168
1529,7168,7168
1539,7168,7168
1549,7168,7168
1559,7168,7168
1569,7168,7168
1579,7168,7168
1589,7168,7168
1599,7168,7168
1609,7168,7168
1619,7168,7168
1629,7168,7168
1639,7168,7168
1649,7168,7168
1659,7168,7168
1661,7168,7168
1669,7168,7168
1679,7168,7168
1689,7168,7168
1699,7168,7168
1709,7168,7168
1719,7168,7168
1729,7168,7168
1739,7168,7168
1749,7168,7168
1759,7168,7168
1769,7168,7168
1779,7168,7168
1789,7168,7168
1799,7168,7168
1809,7168,7168
1819,7168,7168
1829,7168,7168
1839,7168,7168
1849,7168,7168
1859,7168,7168
1869,7168,7168
1879,7168,7168
1889,7168,7168
1899,7168,7168
1909,7168,7168
1919,7168,7168
1929,7168,7168
1939,7168,7168
1949,7168,7168
1959,7168,7168
1969,7168,7168
1979,7168,7168
1989,7168,7168
1999,7168,7168
2009,7168,7168
2019,7168,7168
2029,7168,7168
2039,7168,7168
2049,7168,7168
2059,7168,7168
2069,7168,7168
2079,7168,7168
2089,7168,7168
2099,7168,7168
2109,7168,7168
2119,7168,7168
2129,7168,7168
2139,7168,7168
2149,7168,7168
2159,7168,7168
2169,7168,7168
2179,7168,7168
2189,7168,7168
2199,7168,7168
2209,7168,7168
2219,7168,7168
2229,7168,7168
2239,7168,7168
2249,7168,7168
2259,7168,7168
2269,7168,7168
2279,7168,7168
2289,7168,7168
2299,7168,7168
2309,7168,7168
2319,7168,7168
2329,7168,7168
2339,7168,7168
2349,7168,7168
2359,7168,7168
2369,7168,7168
2379,7168,7168
2389,7168,7168
2399,7168,7168
2409,7168,7168
2419,7168,7168
2429,7168,7168
2439,7168,7168
2449,7168,7168
2459,7168,7168
2469,7168,7168
2479,7168,7168
2489,7168,7168
2499,7168,7168
2509,7168,7168
2519,7168,7168
2529,7168,7168
2539,7168,7168
2549,7168,7168
2559,7168,7168
2569,7168,7168
2571,7168,7168
2579,7168,7168
2589,7168,7168
2599,7168,7168
2609,7168,7168
2619,7168,7168
2629,7168,7168
2639,7168,7168
2649,7168,7168
2659,7168,7168
2669,7168,7168
2679,7168,7168
2689,7168,7168
2699,7168,7168
2709,7168,7168
2719,7168,7168
2729,7168,7168
2739,7168,7168
2749,7168,7168
2759,7168,7168
2769,7168,7168
2779,7168,7168
2789,7168,7168
2799,7168,7168
2809,7168,7168
2819,7168,7168
2829,7168,7168
2839,7168,7168
2849,7168,7168
2859,7168,7168
2869,7168,7168
2879,7168,7168
2889,7168,7168
2899,7168,7168
2909,7168,7168
2919,7168,7168
2929,7168,7168
2939,7168,7168
2949,7168,7168
2959,7168,7168
2969,7168,7168
2979,7168,7168
2989,7168,7168
2999,7168,7168
3009,7168,7168
3019,7168,7168
3029,7168,7168
3039,7168,7168
3049,7168,7168
3059,7168,7168
3069,7168,7168
3079,7168,7168
3089,7168,7168
3099,7168,7168
3109,7168,7168
3119,7168,7168
3129,7168,7168
3135,7168,7168
3139,7168,7168
3149,7168,7168
3159,7168,7168
3169,7168,7168
3179,7168,7168
3189,7168,7168
3199,7168,7168
3209,7168,7168
3219,7168,7168
3229,7168,7168
3239,7168,7168
3249,7168,7168
3259,7168,7168
3269,7168,7168
3279,7168,7168
3289,7168,7168
3299,7168,7168
3309,7168,7168
3319,7168,7168
3329,7168,7168
3339,7168,7168
3349,7168,7168
3359,7168,7168
3369,7168,7168
3379,7168,7168
3389,7168,7168
3399,7168,7168
3409,7168,7168
3419,7168,7168
3429,7168,7168
3439,7168,7168
3449,7168,7168
3459,7168,7168
3469,7168,7168
3479,7168,7168
3489,7168,7168
3499,7168,7168
3509,7168,7168
3519,7168,7168
3529,7168,7168
3539,7168,7168
3549,7168,7168
3559,7168,7168
3569,7168,7168
3579,7168,7168
3589,7168,7168
3599,7168,7168
3609,7168,7168
3619,7168,7168
3629,7168,7168
3639,7168,7168
3649,7168,7168
3659,7168,7168
3669,7168,7168
3679,7168,7168
3689,7168,7168
3699,7168,7168
3709,7168,7168
3719,7168,7168
3729,7168,7168
3735,7168,7168
3739,7168,7168
3749,7168,7168
3759,7168,7168
3769,7168,7168
3779,7168,7168
3789,7168,7168
3799,7168,7168
3809,7168,7168
3819,7168,7168
3829,7168,7168
3839,7168,7168
3849,7168,7168
3859,7168,7168
3869,7168,7168
3879,7168,7168
3889,7168,7168
3899,7168,7168
3909,7168,7168
3919,7168,7168
3929,7168,7168
3939,7168,7168
3949,7168,7168
3959,7168,7168
3969,7168,7168
3979,7168,7168
3989,7168,7168
3999,7168,7168
4009,7168,7168
4019,7168,7168
4029,7168,7168
4039,7168,7168
4049,7168,7168
4059,7168,7168
4069,7168,7168
4079,7168,7168
4089,7168,7168
4099,7168,7168
4109,7168,7168
4119,7168,7168
4129,7168,7168
4139,7168,7168
4149,7168,7168
4159,7168,7168
4169,7168,7168
4179,7168,7168
4189,7168,7168
4199,7168,7168
4209,7168,7168
4219,7168,7168
4229,7168,7168
4239,7168,7168
4249,7168,7168
4259,7168,7168
4269,7168,7168
4279,7168,7168
4289,7168,7168
4299,7168,7168
4309,7168,7168
4319,7168,7168
4329,7168,7168
4339,7168,7168
4341,7168,7168
4349,7168,7168
4359,7168,7168
4369,7168,7168
4379,7168,7168
4389,7168,7168
4399,7168,7168
4409,7168,7168
4419,7168,7168
4429,7168,7168
4439,7168,7168
4449,7168,7168
4459,7168,7168
4469,7168,7168
4479,7168,7168
4489,7168,7168
4499,7168,7168
4509,7168,7168
4519,7168,7168
4529,7168,7168
4539,7168,7168
4549,7168,7168
4559,7168,7168
4569,7168,7168
4579,7168,7168
4589,7168,7168
4599,7168,7168
4609,7168,7168
4619,7168,7168
4629,7168,7168
4639,7168,7168
4649,7168,7168
4659,7168,7168
4669,7168,7168
4679,7168,7168
4689,7168,7168
4699,7168,7168
4709,7168,7168
4719,7168,7168
4729,7168,7168
4739,7168,7168
4749,7168,7168
4759,7168,7168
4769,7168,7168
4779,7168,7168
4789,7168,7168
4799,7168,7168
4809,7168,7168
4819,7168,7168
4829,7168,7168
4839,7168,7168
4849,7168,7168
4859,7168,7168
4869,7168,7168
4879,7168,7168
4889,7168,7168
4899,7168,7168
4909,7168,7168
4919,7168,7168
4929,7168,7168
4939,7168,7168
4949,7168,7168
4959,7168,7168
4965,7168,7168
4969,7168,7168
4979,7168,7168
4989,7168,7168
4999,7168,7168
5009,7168,7168
5019,7168,7168
5029,7168,7168
5039,7168,7168
5049,7168,7168
5059,7168,7168
5069,7168,7168
5079,7168,7168
5089,7168,7168
5099,7168,7168
5109,7168,7168
5119,7168,7168
5129,7168,7168
5139,7168,7168
5149,7168,7168
5159,7168,7168
5169,7168,7168
5179,7168,7168
5189,7168,7168
5199,7168,7168
5209,7168,7168
5219,7168,7168
5229,7168,7168
5239,7168,7168
5249,7168,7168
5259,7168,7168
5269,7168,7168
5279,7168,7168
5289,7168,7168
5299,7168,7168
5309,7168,7168
5319,7168,7168
5329,7168,7168
5339,7168,7168
5349,7168,7168
5359,7168,7168
5369,7168,7168
5379,7168,7168
5389,7168,7168
5399,7168,7168
5409,7168,7168
5419,7168,7168
5429,7168,7168
5439,7168,7168
5449,7168,7168
5459,7168,7168
5469,7168,7168
108,7168,7168
109,7168,7168
119,7168,7168
129,7168,7168
139,7168,7168
149,7168,7168
159,7168,7168
169,7168,7168
179,7168,7168
189,7168,7168
199,7168,7168
209,7168,7168
219,7168,7168
229,7168,7168
239,7168,7168
249,7168,7168
259,7168,7168
269,7168,7168
279,7168,7168
289,7168,7168
299,7168,7168
309,7168,7168
319,7168,7168
329,7168,7168
339,7168,7168
349,7168,7168
359,7168,7168
369,7168,7168
379,7168,7168
389,7168,7168
399,7168,7168
409,7168,7168
419,7168,7168
429,7168,7168
439,7168,7168
449,7168,7168
459,7168,7168
469,7168,7168
479,7168,7168
489,7168,7168
499,7168,7168
509,7168,7168
519,7168,7168
529,7168,7168
539,7168,7168
549,7168,7168
559,7168,7168
569,7168,7168
579,7168,7168
589,7168,7168
599,7168,7168
605,7168,7168
609,7168,7168
619,7168,7168
629,7168,7168
639,7168,7168
649,7168,7168
659,7168,7168
669,7168,7168
679,7168,7168
689,7168,7168
699,7168,7168
709,7168,7168
719,7168,7168
729,7168,7168
739,7168,7168
749,7168,7168
759,7168,7168
769,7168,7168
779,7168,7168
789,7168,7168
799,7168,7168
809,7168,7168
819,7168,7168
829,7168,7168
839,7168,7168
849,7168,7168
859,7168,7168
869,7168,7168
879,7168,7168
889,7168,7168
899,7168,7168
909,7168,7168
919,7168,7168
929,7168,7168
939,7168,7168
949,7168,7168
959,7168,7168
969,7168,7168
979,7168,7168
989,7168,7168
999,7168,7168
1009,7168,7168
1019,7168,7168
1029,7168,7168
1039,7168,7168
1049,7168,7168
1059,7168,7168
1069,7168,7168
1079,7168,7168
1089,7168,7168
1099,7168,7168
1109,7168,7168
1119,7168,7168
1129,7168,7168
1139,7168,7168
1149,7168,7168
1159,7168,7168
1165,7168,7168
1169,7168,7168
1179,7168,7168
1189,7168,7168
1199,7168,7168
1209,7168,7168
1219,7168,7168
1229,7168,7168
1239,7168,7168
1249,7168,7168
1259,7168,7168
1269,7168,7168
1279,7168,7168
1289,7168,7168
1299,7168,7168
1309,7168,7168
1319,7168,7168
1329,7168,7168
1339,7168,7168
1349,7168,7168
1359,7168,7168
1369,7168,7168
1379,7168,7168
1389,7168,7168
1399,7168,7168
1409,7168,7168
1419,7168,7168
1429,7168,7168
1439,7168,7168
1449,7168,7168
1459,7168,7168
1469,7168,7168
1479,7168,7168
1489,7168,7168
1499,7168,7168
1509,7168,7168
1519,7168,7168
1529,7168,7168
1539,7168,7168
1549,7168,7168
1559,7168,7168
1569,7168,7168
1579,7168,7168
1589,7168,7168
1599,7168,7168
1609,7168,7168
1619,7168,7168
1629,7168,7168
1639,7168,7168
1649,7168,7168
1659,7168,7168
1669,7168,7168
1679,7168,7168
1689,7168,7168
1699,7168,7168
1709,7168,7168
1719,7168,7168
1729,7168,7168
1739,7168,7168
1745,7168,7168
1749,7168,7168
1759,7168,7168
1769,7168,7168
1779,7168,7168
1789,7168,7168
1799,7168,7168
1809,7168,7168
1819,7168,7168
1829,7168,7168
1839,7168,7168
1849,7168,7168
1859,7168,7168
1869,7168,7168
1879,7168,7168
1889,7168,7168
1899,7168,7168
1909,7168,7168
1919,7168,7168
1929,7168,7168
1939,7168,7168
1949,7168,7168
1959,7168,7168
1969,7168,7168
1979,7168,7168
1989,7168,7168
1999,7168,7168
2009,7168,7168
2019,7168,7168
2029,7168,7168
2039,7168,7168
2049,7168,7168
2059,7168,7168
2069,7168,7168
2079,7168,7168
2089,7168,7168
2099,7168,7168
2109,7168,7168
2119,7168,7168
2129,7168,7168
2139,7168,7168
2149,7168,7168
2159,7168,7168
2169,7168,7168
2179,7168,7168
2189,7168,7168
2199,7168,7168
2209,7168,7168
2219,7168,7168
2229,7168,7168
2239,7168,7168
2249,7168,7168
2259,7168,7168
2269,7168,7168
2279,7168,7168
2281,7168,7168
2289,7168,7168
2299,7168,7168
2309,7168,7168
2319,7168,7168
2329,7168,7168
2339,7168,7168
2349,7168,7168
2359,7168,7168
2369,7168,7168
2379,7168,7168
2389,7168,7168
2399,7168,7168
2409,7168,7168
2419,7168,7168
2429,7168,7168
2439,7168,7168
2449,7168,7168
2459,7168,7168
108,7168,7168
119,7168,7168
129,7168,7168
139,7168,7168
149,7168,7168
159,7168,7168
169,7168,7168
179,7168,7168
189,7168,7168
199,7168,7168
209,7168,7168
219,7168,7168
229,7168,7168
239,7168,7168
249,7168,7168
259,7168,7168
269,7168,7168
279,7168,7168
289,7168,7168
299,7168,7168
309,7168,7168
319,7168,7168
329,7168,7168
339,7168,7168
349,7168,7168
359,7168,7168
369,7168,7168
379,7168,7168
389,7168,7168
399,7168,7168
409,7168,7168
419,7168,7168
429,7168,7168
439,7168,7168
449,7168,7168
459,7168,7168
459,7168,7168
469,7168,7168
479,7168,7168
489,7168,7168
499,7168,7168
509,7168,7168
519,7168,7168
529,7168,7168
539,7168,7168
549,7168,7168
559,7168,7168
569,7168,7168
579,7168,7168
589,7168,7168
599,7168,7168
609,7168,7168
619,7168,7168
629,7168,7168
639,7168,7168
649,7168,7168
659,7168,7168
669,7168,7168
679,7168,7168
689,7168,7168
699,7168,7168
709,7168,7168
719,7168,7168
729,7168,7168
739,7168,7168
749,7168,7168
759,7168,7168
769,7168,7168
779,7168,7168
789,7168,7168
799,7168,7168
809,7168,7168
819,7168,7168
829,7168,7168
839,7168,7168
849,7168,7168
859,7168,7168
869,7168,7168
879,7168,7168
889,7168,7168
899,7168,7168
909,7168,7168
919,7168,7168
929,7168,7168
939,7168,7168
949,7168,7168
959,7168,7168
969,7168,7168
979,7168,7168
989,7168,7168
999,7168,7168
1009,7168,7168
1019,7168,7168
1029,7168,7168
1039,7168,7168
1049,7168,7168
1059,7168,7168
1069,7168,7168
1079,7168,7168
1089,7168,7168
1099,7168,7168
1109,7168,7168
1119,7168,7168
1129,7168,7168
1139,7168,7168
1149,7168,7168
1159,7168,7168
1169,7168,7168
1179,7168,7168
1189,7168,7168
1199,7168,7168
1209,7168,7168
1219,7168,7168
1229,7168,7168
1239,7168,7168
1249,7168,7168
1259,7168,7168
1269,7168,7168
1279,7168,7168
1289,7168,7168
1299,7168,7168
1309,7168,7168
1319,7168,7168
1329,7168,7168
1339,7168,7168
1349,7168,7168
1359,7168,7168
1369,7168,7168
1379,7168,7168
1389,7168,7168
1399,7168,7168
1409,7168,7168
1419,7168,7168
1429,7168,7168
1439,7168,7168
1449,7168,7168
1459,7168,7168
1469,7168,7168
1479,7168,7168
1489,7168,7168
1499,7168,7168
1509,7168,7168
1519,7168,7168
1529,7168,7168
1539,7168,7168
1549,7168,7168
1559,7168,7168
1569,7168,7168
1579,7168,7168
1589,7168,7168
1599,7168,7168
1609,7168,7168
1619,7168,7168
1629,7168,7168
1639,7168,7168
1649,7168,7168
1659,7168,7168
1669,7168,7168
1679,7168,7168
1689,7168,7168
1699,7168,7168
1709,7168,7168
1719,7168,7168
1729,7168,7168
1739,7168,7168
1749,7168,7168
1759,7168,7168
1769,7168,7168
1779,7168,7168
1789,7168,7168
1799,7168,7168
1809,7168,7168
1819,7168,7168
1829,7168,7168
1839,7168,7168
1849,7168,7168
1859,7168,7168
1869,7168,7168
1879,7168,7168
1889,7168,7168
1899,7168,7168
1909,7168,7168
1919,7168,7168
1929,7168,7168
1939,7168,7168
1949,7168,7168
1959,7168,7168
1969,7168,7168
1979,7168,7168
1989,7168,7168
1999,7168,7168
2009,7168,7168
2019,7168,7168
2025,7168,7168
2029,7168,7168
2039,7168,7168
2049,7168,7168
2059,7168,7168
2069,7168,7168
2079,7168,7168
2089,7168,7168
2099,7168,7168
2109,7168,7168
2119,7168,7168
2129,7168,7168
2139,7168,7168
2149,7168,7168
2159,7168,7168
2169,7168,7168
2179,7168,7168
2189,7168,7168
2199,7168,7168
2209,7168,7168
2219,7168,7168
2229,7168,7168
2239,7168,7168
2249,7168,7168
2259,7168,7168
2269,7168,7168
2279,7168,7168
2289,7168,7168
2299,7168,7168
2309,7168,7168
2319,7168,7168
2329,7168,7168
2339,7168,7168
2349,7168,7168
2359,7168,7168
2369,7168,7168
2379,7168,7168
2389,7168,7168
2399,7168,7168
2409,7168,7168
2419,7168,7168
2429,7168,7168
2439,7168,7168
2449,7168,7168
2459,7168,7168
2469,7168,7168
2479,7168,7168
2489,7168,7168
2499,7168,7168
2509,7168,7168
2519,7168,7168
2529,7168,7168
2539,7168,7168
2549,7168,7168
2559,7168,7168
2569,7168,7168
2579,7168,7168
2589,7168,7168
2599,7168,7168
2609,7168,7168
2619,7168,7168
2629,7168,7168
2639,7168,7168
2649,7168,7168
2659,7168,7168
2669,7168,7168
2679,7168,7168
2689,7168,7168
2699,7168,7168
2709,7168,7168
2719,7168,7168
2729,7168,7168
2739,7168,7168
2749,7168,7168
2759,7168,7168
2769,7168,7168
2779,7168,7168
2789,7168,7168
2799,7168,7168
2809,7168,7168
2819,7168,7168
2829,7168,7168
2839,7168,7168
2849,7168,7168
2859,7168,7168
2869,7168,7168
2879,7168,7168
2889,7168,7168
2899,7168,7168
2909,7168,7168
2919,7168,7168
2929,7168,7168
2939,7168,7168
2939,7168,7168
2949,7168,7168
2959,7168,7168
2969,7168,7168
2979,7168,7168
2989,7168,7168
2999,7168,7168
3009,7168,7168
3019,7168,7168
3029,7168,7168
3039,7168,7168
3049,7168,7168
3059,7168,7168
3069,7168,7168
3079,7168,7168
3089,7168,7168
3099,7168,7168
3109,7168,7168
3119,7168,7168
3129,7168,7168
3139,7168,7168
3149,7168,7168
3159,7168,7168
3169,7168,7168
3179,7168,7168
3189,7168,7168
3199,7168,7168
3209,7168,7168
3219,7168,7168
3229,7168,7168
3239,7168,7168
3249,7168,7168
3259,7168,7168
3269,7168,7168
3279,7168,7168
3289,7168,7168
3299,7168,7168
3309,7168,7168
3319,7168,7168
3329,7168,7168
3339,7168,7168
3349,7168,7168
3359,7168,7168
3369,7168,7168
3379,7168,7168
3389,7168,7168
3399,7168,7168
3409,7168,7168
3419,7168,7168
3429,7168,7168
3439,7168,7168
3441,7168,7168
3449,7168,7168
3459,7168,7168
3469,7168,7168
3479,7168,7168
3489,7168,7168
3499,7168,7168
3509,7168,7168
3519,7168,7168
3529,7168,7168
3539,7168,7168
3549,7168,7168
3559,7168,7168
3569,7168,7168
3579,7168,7168
3589,7168,7168
3599,7168,7168
3609,7168,7168
3619,7168,7168
3629,7168,7168
3639,7168,7168
3649,7168,7168
3659,7168,7168
3669,7168,7168
3679,7168,7168
3689,7168,7168
3699,7168,7168
3709,7168,7168
3719,7168,7168
3729,7168,7168
3739,7168,7168
3749,7168,7168
3759,7168,7168
3769,7168,7168
3779,7168,7168
3789,7168,7168
3799,7168,7168
3809,7168,7168
3819,7168,7168
3829,7168,7168
3839,7168,7168
3849,7168,7168
3859,7168,7168
3869,7168,7168
3879,7168,7168
3889,7168,7168
3899,7168,7168
3909,7168,7168
3919,7168,7168
3929,7168,7168
3939,7168,7168
3949,7168,7168
3959,7168,7168
3969,7168,7168
3975,7168,7168
3979,7168,7168
3989,7168,7168
3999,7168,7168
4009,7168,7168
4019,7168,7168
4029,7168,7168
4039,7168,7168
4049,7168,7168
4059,7168,7168
4069,7168,7168
4079,7168,7168
4089,7168,7168
4099,7168,7168
4109,7168,7168
4119,7168,7168
4129,7168,7168
4139,7168,7168
4149,7168,7168
4159,7168,7168
4169,7168,7168
4179,7168,7168
4189,7168,7168
4199,7168,7168
4209,7168,7168
4219,7168,7168
4229,7168,7168
4239,7168,7168
4249,7168,7168
4259,7168,7168
4269,7168,7168
4279,7168,7168
4289,7168,7168
4299,7168,7168
4309,7168,7168
4319,7168,7168
4329,7168,7168
4339,7168,7168
4349,7168,7168
4359,7168,7168
4369,7168,7168
4379,7168,7168
4389,7168,7168
4399,7168,7168
4409,7168,7168
4419,7168,7168
4429,7168,7168
4439,7168,7168
4449,7168,7168
4459,7168,7168
4469,7168,7168
4479,7168,7168
4489,7168,7168
4491,7168,7168
4499,7168,7168
4509,7168,7168
4519,7168,7168
4529,7168,7168
4539,7168,7168
4549,7168,7168
4559,7168,7168
4569,7168,7168
4579,7168,7168
4589,7168,7168
4599,7168,7168
4609,7168,7168
4619,7168,7168
4629,7168,7168
4639,7168,7168
4649,7168,7168
4659,7168,7168
4669,7168,7168
4679,7168,7168
4689,7168,7168
4699,7168,7168
4709,7168,7168
4719,7168,7168
4729,7168,7168
4739,7168,7168
4749,7168,7168
4759,7168,7168
4769,7168,7168
4779,7168,7168
4789,7168,7168
4799,7168,7168
4809,7168,7168
4819,7168,7168
4829,7168,7168
4839,7168,7168
4849,7168,7168
4859,7168,7168
4869,7168,7168
4879,7168,7168
4889,7168,7168
4899,7168,7168
4909,7168,7168
4919,7168,7168
4929,7168,7168
4939,7168,7168
4949,7168,7168
4959,7168,7168
4969,7168,7168
4979,7168,7168
4989,7168,7168
4999,7168,7168
5009,7168,7168
5009,7168,7168
5019,7168,7168
5029,7168,7168
5039,7168,7168
5049,7168,7168
5059,7168,7168
5069,7168,7168
5079,7168,7168
5089,7168,7168
5099,7168,7168
5109,7168,7168
5119,7168,7168
5129,7168,7168
5139,7168,7168
5149,7168,7168
5159,7168,7168
5169,7168,7168
5179,7168,7168
5189,7168,7168
5199,7168,7168
5209,7168,7168
5219,7168,7168
5229,7168,7168
5239,7168,7168
5249,7168,7168
5259,7168,7168
5269,7168,7168
5279,7168,7168
5289,7168,7168
5299,7168,7168
5309,7168,7168
5319,7168,7168
5329,7168,7168
5339,7168,7168
5349,7168,7168
5359,7168,7168
5369,7168,7168
5379,7168,7168
5389,7168,7168
5399,7168,7168
5409,7168,7168
5419,7168,7168
5429,7168,7168
5439,7168,7168
5449,7168,7168
5459,7168,7168
5469,7168,7168
5479,7168,7168
111,7168,7168
121,7168,7168
131,7168,7168
141,7168,7168
151,7168,7168
161,7168,7168
163,7168,7168
171,7168,7168
181,7168,7168
191,7168,7168
201,7168,7168
211,7168,7168
221,7168,7168
231,7168,7168
241,7168,7168
251,7168,7168
261,7168,7168
271,7168,7168
281,7168,7168
291,7168,7168
301,7168,7168
311,7168,7168
321,7168,7168
331,7168,7168
341,7168,7168
351,7168,7168
361,7168,7168
371,7168,7168
381,7168,7168
391,7168,7168
401,7168,7168
411,7168,7168
421,7168,7168
431,7168,7168
441,7168,7168
451,7168,7168
461,7168,7168
471,7168,7168
481,7168,7168
491,7168,7168
501,7168,7168
511,7168,7168
521,7168,7168
531,7168,7168
541,7168,7168
551,7168,7168
561,7168,7168
571,7168,7168
581,7168,7168
591,7168,7168
601,7168,7168
611,7168,7168
621,7168,7168
631,7168,7168
641,7168,7168
651,7168,7168
661,7168,7168
671,7168,7168
681,7168,7168
691,7168,7168
701,7168,7168
711,7168,7168
721,7168,7168
731,7168,7168
733,7168,7168
741,7168,7168
751,7168,7168
761,7168,7168
771,7168,7168
781,7168,7168
791,7168,7168
801,7168,7168
811,7168,7168
821,7168,7168
831,7168,7168
841,7168,7168
851,7168,7168
861,7168,7168
871,7168,7168
881,7168,7168
891,7168,7168
901,7168,7168
911,7168,7168
921,7168,7168
931,7168,7168
941,7168,7168
951,7168,7168
961,7168,7168
971,7168,7168
981,7168,7168
991,7168,7168
1001,7168,7168
1011,7168,7168
1021,7168,7168
1031,7168,7168
1041,7168,7168
1051,7168,7168
1061,7168,7168
1071,7168,7168
1081,7168,7168
1091,7168,7168
1101,7168,7168
1111,7168,7168
1121,7168,7168
1131,7168,7168
1141,7168,7168
1151,7168,7168
1161,7168,7168
1171,7168,7168
1181,7168,7168
1191,7168,7168
1201,7168,7168
1211,7168,7168
1221,7168,7168
1231,7168,7168
1241,7168,7168
1251,7168,7168
1261,7168,7168
1271,7168,7168
1281,7168,7168
1291,7168,7168
1297,7168,7168
1301,7168,7168
1311,7168,7168
1321,7168,7168
1331,7168,7168
1341,7168,7168
1351,7168,7168
1361,7168,7168
1371,7168,7168
1381,7168,7168
1391,7168,7168
1401,7168,7168
1411,7168,7168
1421,7168,7168
1431,7168,7168
1441,7168,7168
1451,7168,7168
1461,7168,7168
1471,7168,7168
1481,7168,7168
1491,7168,7168
1501,7168,7168
1511,7168,7168
1521,7168,7168
1531,7168,7168
1541,7168,7168
1551,7168,7168
1561,7168,7168
1571,7168,7168
1581,7168,7168
1591,7168,7168
1601,7168,7168
1611,7168,7168
1621,7168,7168
1631,7168,7168
1641,7168,7168
1651,7168,7168
1661,7168,7168
1671,7168,7168
1681,7168,7168
1691,7168,7168
1701,7168,7168
1711,7168,7168
1721,7168,7168
1731,7168,7168
1741,7168,7168
1751,7168,7168
1761,7168,7168
1771,7168,7168
1781,7168,7168
1791,7168,7168
1801,7168,7168
1801,7168,7168
1811,7168,7168
1821,7168,7168
1831,7168,7168
1841,7168,7168
1851,7168,7168
1861,7168,7168
1871,7168,7168
1881,7168,7168
1891,7168,7168
1901,7168,7168
1911,7168,7168
1921,7168,7168
1931,7168,7168
1941,7168,7168
1951,7168,7168
1961,7168,7168
1971,7168,7168
1981,7168,7168
1991,7168,7168
2001,7168,7168
2011,7168,7168
2021,7168,7168
2031,7168,7168
2041,7168,7168
2051,7168,7168
2061,7168,7168
2071,7168,7168
2081,7168,7168
2091,7168,7168
2101,7168,7168
2111,7168,7168
2121,7168,7168
2131,7168,7168
2141,7168,7168
2151,7168,7168
2161,7168,7168
2171,7168,7168
2181,7168,7168
2191,7168,7168
2201,7168,7168
2211,7168,7168
2221,7168,7168
2231,7168,7168
2241,7168,7168
2251,7168,7168
2261,7168,7168
2271,7168,7168
2281,7168,7168
2291,7168,7168
2301,7168,7168
2311,7168,7168
2321,7168,7168
2331,7168,7168
2341,7168,7168
2351,7168,7168
2357,7168,7168
2361,7168,7168
2371,7168,7168
2381,7168,7168
2391,7168,7168
2401,7168,7168
2411,7168,7168
2421,7168,7168
2431,7168,7168
2441,7168,7168
2451,7168,7168
2461,7168,7168
111,7168,7168
121,7168,7168
131,7168,7168
141,7168,7168
151,7168,7168
161,7168,7168
171,7168,7168
181,7168,7168
191,7168,7168
201,7168,7168
211,7168,7168
221,7168,7168
231,7168,7168
241,7168,7168
251,7168,7168
261,7168,7168
271,7168,7168
281,7168,7168
291,7168,7168
301,7168,7168
311,7168,7168
321,7168,7168
331,7168,7168
341,7168,7168
351,7168,7168
361,7168,7168
371,7168,7168
381,7168,7168
391,7168,7168
401,7168,7168
411,7168,7168
421,7168,7168
431,7168,7168
441,7168,7168
451,7168,7168
461,7168,7168
471,7168,7168
481,7168,7168
491,7168,7168
501,7168,7168
511,7168,7168
521,7168,7168
531,7168,7168
541,7168,7168
551,7168,7168
561,7168,7168
571,7168,7168
581,7168,7168
591,7168,7168
601,7168,7168
611,7168,7168
621,7168,7168
631,7168,7168
641,7168,7168
651,7168,7168
661,7168,7168
671,7168,7168
681,7168,7168
691,7168,7168
701,7168,7168
711,7168,7168
721,7168,7168
731,7168,7168
741,7168,7168
751,7168,7168
761,7168,7168
771,7168,7168
781,7168,7168
791,7168,7168
801,7168,7168
811,7168,7168
821,7168,7168
831,7168,7168
841,7168,7168
851,7168,7168
861,7168,7168
871,7168,7168
881,7168,7168
891,7168,7168
901,7168,7168
911,7168,7168
921,7168,7168
931,7168,7168
941,7168,7168
951,7168,7168
961,7168,7168
971,7168,7168
981,7168,7168
991,7168,7168
1001,7168,7168
1011,7168,7168
1021,7168,7168
1031,7168,7168
1041,7168,7168
1051,7168,7168
1061,7168,7168
1071,7168,7168
1081,7168,7168
1091,7168,7168
1101,7168,7168
1111,7168,7168
1121,7168,7168
1131,7168,7168
1141,7168,7168
1151,7168,7168
1161,7168,7168
1171,7168,7168
1181,7168,7168
1191,7168,7168
1201,7168,7168
1211,7168,7168
1221,7168,7168
1231,7168,7168
1241,7168,7168
1251,7168,7168
1261,7168,7168
1271,7168,7168
1281,7168,7168
1291,7168,7168
1301,7168,7168
1311,7168,7168
1321,7168,7168
1331,7168,7168
1341,7168,7168
1351,7168,7168
1361,7168,7168
1371,7168,7168
1381,7168,7168
1391,7168,7168
1401,7168,7168
1411,7168,7168
1421,7168,7168
1431,7168,7168
1441,7168,7168
1451,7168,7168
1461,7168,7168
1471,7168,7168
1481,7168,7168
1491,7168,7168
1501,7168,7168
1511,7168,7168
1521,7168,7168
1531,7168,7168
1541,7168,7168
1551,7168,7168
1561,7168,7168
1571,7168,7168
1581,7168,7168
1581,7168,7168
1591,7168,7168
1601,7168,7168
1611,7168,7168
1621,7168,7168
1631,7168,7168
1641,7168,7168
1651,7168,7168
1661,7168,7168
1671,7168,7168
1681,7168,7168
1691,7168,7168
1701,7168,7168
1711,7168,7168
1721,7168,7168
1731,7168,7168
1741,7168,7168
1751,7168,7168
1761,7168,7168
1771,7168,7168
1781,7168,7168
1791,7168,7168
1801,7168,7168
1811,7168,7168
1821,7168,7168
1831,7168,7168
1841,7168,7168
1851,7168,7168
1861,7168,7168
1871,7168,7168
1881,7168,7168
1891,7168,7168
1901,7168,7168
1911,7168,7168
1921,7168,7168
1931,7168,7168
1941,7168,7168
1951,7168,7168
1961,7168,7168
1971,7168,7168
1981,7168,7168
1991,7168,7168
2001,7168,7168
2011,7168,7168
2021,7168,7168
2031,7168,7168
2041,7168,7168
2051,7168,7168
2061,7168,7168
2071,7168,7168
2081,7168,7168
2091,7168,7168
2101,7168,7168
2111,7168,7168
2121,7168,7168
2131,7168,7168
2141,7168,7168
2151,7168,7168
2161,7168,7168
2171,7168,7168
2181,7168,7168
2191,7168,7168
2201,7168,7168
2211,7168,7168
2221,7168,7168
2231,7168,7168
2241,7168,7168
2251,7168,7168
2261,7168,7168
2271,7168,7168
2281,7168,7168
2291,7168,7168
2301,7168,7168
2311,7168,7168
2321,7168,7168
2331,7168,7168
2341,7168,7168
2351,7168,7168
2361,7168,7168
2371,7168,7168
2381,7168,7168
2391,7168,7168
2401,7168,7168
2411,7168,7168
2421,7168,7168
2431,7168,7168
2441,7168,7168
2451,7168,7168
2461,7168,7168
2471,7168,7168
2481,7168,7168
2491,7168,7168
2501,7168,7168
2511,7168,7168
2521,7168,7168
2531,7168,7168
2541,7168,7168
2551,7168,7168
2561,7168,7168
2571,7168,7168
2581,7168,7168
2591,7168,7168
2601,7168,7168
2611,7168,7168
2621,7168,7168
2631,7168,7168
2641,7168,7168
2651,7168,7168
2661,7168,7168
2671,7168,7168
2681,7168,7168
2691,7168,7168
2701,7168,7168
2711,7168,7168
2721,7168,7168
2731,7168,7168
2741,7168,7168
2751,7168,7168
2761,7168,7168
2763,7168,7168
2771,7168,7168
2781,7168,7168
2791,7168,7168
2801,7168,7168
2811,7168,7168
2821,7168,7168
2831,7168,7168
2841,7168,7168
2851,7168,7168
2861,7168,7168
2871,7168,7168
2881,7168,7168
2891,7168,7168
2901,7168,7168
2911,7168,7168
2921,7168,7168
2931,7168,7168
2941,7168,7168
2951,7168,7168
2961,7168,7168
2971,7168,7168
2981,7168,7168
2991,7168,7168
3001,7168,7168
3011,7168,7168
3021,7168,7168
3031,7168,7168
3041,7168,7168
3051,7168,7168
3061,7168,7168
3071,7168,7168
3081,7168,7168
3091,7168,7168
3101,7168,7168
3111,7168,7168
3121,7168,7168
3131,7168,7168
3141,7168,7168
3151,7168,7168
3161,7168,7168
3171,7168,7168
3181,7168,7168
3191,7168,7168
3201,7168,7168
3211,7168,7168
3221,7168,7168
3231,7168,7168
3241,7168,7168
3251,7168,7168
3261,7168,7168
3271,7168,7168
3281,7168,7168
3291,7168,7168
3301,7168,7168
3311,7168,7168
3317,7168,7168
3321,7168,7168
3331,7168,7168
3341,7168,7168
3351,7168,7168
3361,7168,7168
3371,7168,7168
3381,7168,7168
3391,7168,7168
3401,7168,7168
3411,7168,7168
3421,7168,7168
3431,7168,7168
3441,7168,7168
3451,7168,7168
3461,7168,7168
3471,7168,7168
3481,7168,7168
3491,7168,7168
3501,7168,7168
3511,7168,7168
3521,7168,7168
3531,7168,7168
3541,7168,7168
3551,7168,7168
3561,7168,7168
3571,7168,7168
3581,7168,7168
3591,7168,7168
3601,7168,7168
3611,7168,7168
3621,7168,7168
3631,7168,7168
3641,7168,7168
3651,7168,7168
3661,7168,7168
3671,7168,7168
3681,7168,7168
3691,7168,7168
3701,7168,7168
3711,7168,7168
3721,7168,7168
3731,7168,7168
3741,7168,7168
3751,7168,7168
3761,7168,7168
3771,7168,7168
3781,7168,7168
3791,7168,7168
3801,7168,7168
3811,7168,7168
3821,7168,7168
3831,7168,7168
3841,7168,7168
3851,7168,7168
3861,7168,7168
3871,7168,7168
3873,7168,7168
3881,7168,7168
3891,7168,7168
3901,7168,7168
3911,7168,7168
3921,7168,7168
3931,7168,7168
3941,7168,7168
3951,7168,7168
3961,7168,7168
3971,7168,7168
3981,7168,7168
3991,7168,7168
4001,7168,7168
4011,7168,7168
4021,7168,7168
4031,7168,7168
4041,7168,7168
4051,7168,7168
4061,7168,7168
4071,7168,7168
4081,7168,7168
4091,7168,7168
4101,7168,7168
4111,7168,7168
4121,7168,7168
4131,7168,7168
4141,7168,7168
4151,7168,7168
4161,7168,7168
4171,7168,7168
4181,7168,7168
4191,7168,7168
4201,7168,7168
4211,7168,7168
4221,7168,7168
4231,7168,7168
4241,7168,7168
4251,7168,7168
4261,7168,7168
4271,7168,7168
4281,7168,7168
4291,7168,7168
4301,7168,7168
4311,7168,7168
4321,7168,7168
4331,7168,7168
4341,7168,7168
4351,7168,7168
4361,7168,7168
4371,7168,7168
4381,7168,7168
4391,7168,7168
4393,7168,7168
4401,7168,7168
4411,7168,7168
4421,7168,7168
4431,7168,7168
4441,7168,7168
4451,7168,7168
4461,7168,7168
4471,7168,7168
4481,7168,7168
4491,7168,7168
4501,7168,7168
4511,7168,7168
4521,7168,7168
4531,7168,7168
4541,7168,7168
4551,7168,7168
4561,7168,7168
4571,7168,7168
4581,7168,7168
4591,7168,7168
4601,7168,7168
4611,7168,7168
4621,7168,7168
4631,7168,7168
4641,7168,7168
4651,7168,7168
4661,7168,7168
4671,7168,7168
4681,7168,7168
4691,7168,7168
4701,7168,7168
4711,7168,7168
4721,7168,7168
4731,7168,7168
4741,7168,7168
4751,7168,7168
4761,7168,7168
4771,7168,7168
4781,7168,7168
4791,7168,7168
4801,7168,7168
4811,7168,7168
4821,7168,7168
4831,7168,7168
4841,7168,7168
4851,7168,7168
4861,7168,7168
4871,7168,7168
4881,7168,7168
4891,7168,7168
4901,7168,7168
4911,7168,7168
4921,7168,7168
4931,7168,7168
4941,7168,7168
4947,7168,7168
4951,7168,7168
4961,7168,7168
4971,7168,7168
4981,7168,7168
4991,7168,7168
5001,7168,7168
5011,7168,7168
5021,7168,7168
5031,7168,7168
5041,7168,7168
5051,7168,7168
5061,7168,7168
5071,7168,7168
5081,7168,7168
5091,7168,7168
5101,7168,7168
5111,7168,7168
5121,7168,7168
5131,7168,7168
5141,7168,7168
5151,7168,7168
5161,7168,7168
5171,7168,7168
5181,7168,7168
5191,7168,7168
5201,7168,7168
5211,7168,7168
5221,7168,7168
5231,7168,7168
5241,7168,7168
5251,7168,7168
5261,7168,7168
5271,7168,7168
5281,7168,7168
5291,7168,7168
5301,7168,7168
5311,7168,7168
5321,7168,7168
5331,7168,7168
5341,7168,7168
5351,7168,7168
5361,7168,7168
5371,7168,7168
5381,7168,7168
5391,7168,7168
5401,7168,7168
5411,7168,7168
5421,7168,7168
5431,7168,7168
5441,7168,7168
5451,7168,7168
5461,7168,7168
5471,7168,7168
108,7168,7168
109,7168,7168
119,7168,7168
129,7168,7168
139,7168,7168
149,7168,7168
159,7168,7168
169,7168,7168
179,7168,7168
189,7168,7168
199,7168,7168
209,7168,7168
219,7168,7168
229,7168,7168
239,7168,7168
249,7168,7168
259,7168,7168
269,7168,7168
279,7168,7168
289,7168,7168
299,7168,7168
309,7168,7168
319,7168,7168
329,7168,7168
339,7168,7168
349,7168,7168
359,7168,7168
369,7168,7168
379,7168,7168
389,7168,7168
399,7168,7168
409,7168,7168
419,7168,7168
429,7168,7168
439,7168,7168
449,7168,7168
459,7168,7168
469,7168,7168
479,7168,7168
489,7168,7168
499,7168,7168
509,7168,7168
519,7168,7168
529,7168,7168
539,7168,7168
549,7168,7168
559,7168,7168
569,7168,7168
579,7168,7168
589,7168,7168
599,7168,7168
609,7168,7168
619,7168,7168
629,7168,7168
639,7168,7168
639,7168,7168
649,7168,7168
659,7168,7168
669,7168,7168
679,7168,7168
689,7168,7168
699,7168,7168
709,7168,7168
719,7168,7168
729,7168,7168
739,7168,7168
749,7168,7168
759,7168,7168
769,7168,7168
779,7168,7168
789,7168,7168
799,7168,7168
809,7168,7168
819,7168,7168
829,7168,7168
839,7168,7168
849,7168,7168
859,7168,7168
869,7168,7168
879,7168,7168
889,7168,7168
899,7168,7168
909,7168,7168
919,7168,7168
929,7168,7168
939,7168,7168
949,7168,7168
959,7168,7168
969,7168,7168
979,7168,7168
989,7168,7168
999,7168,7168
1009,7168,7168
1019,7168,7168
1029,7168,7168
1039,7168,7168
1049,7168,7168
1059,7168,7168
1069,7168,7168
1079,7168,7168
1089,7168,7168
1099,7168,7168
1109,7168,7168
1119,7168,7168
1129,7168,7168
1139,7168,7168
1149,7168,7168
1155,7168,7168
1159,7168,7168
1169,7168,7168
1179,7168,7168
1189,7168,7168
1199,7168,7168
1209,7168,7168
1219,7168,7168
1229,7168,7168
1239,7168,7168
1249,7168,7168
1259,7168,7168
1269,7168,7168
1279,7168,7168
1289,7168,7168
1299,7168,7168
1309,7168,7168
1319,7168,7168
1329,7168,7168
1339,7168,7168
1349,7168,7168
1359,7168,7168
1369,7168,7168
1379,7168,7168
1389,7168,7168
1399,7168,7168
1409,7168,7168
1419,7168,7168
1429,7168,7168
1439,7168,7168
1449,7168,7168
1459,7168,7168
1469,7168,7168
1479,7168,7168
1489,7168,7168
1499,7168,7168
1509,7168,7168
1519,7168,7168
1529,7168,7168
1539,7168,7168
1549,7168,7168
1559,7168,7168
1569,7168,7168
1579,7168,7168
1589,7168,7168
1599,7168,7168
1609,7168,7168
1609,7168,7168
1619,7168,7168
1629,7168,7168
1639,7168,7168
1649,7168,7168
1659,7168,7168
1669,7168,7168
1679,7168,7168
1689,7168,7168
1699,7168,7168
1709,7168,7168
1719,7168,7168
1729,7168,7168
1739,7168,7168
1749,7168,7168
1759,7168,7168
1769,7168,7168
1779,7168,7168
1789,7168,7168
1799,7168,7168
1809,7168,7168
1819,7168,7168
1829,7168,7168
1839,7168,7168
1849,7168,7168
1859,7168,7168
1869,7168,7168
1879,7168,7168
1889,7168,7168
1899,7168,7168
1909,7168,7168
1919,7168,7168
1929,7168,7168
1939,7168,7168
1949,7168,7168
1959,7168,7168
1969,7168,7168
1979,7168,7168
1989,7168,7168
1999,7168,7168
2009,7168,7168
2019,7168,7168
2029,7168,7168
2039,7168,7168
2049,7168,7168
2059,7168,7168
2069,7168,7168
2079,7168,7168
2089,7168,7168
2099,7168,7168
2109,7168,7168
2119,7168,7168
2129,7168,7168
2139,7168,7168
2149,7168,7168
2159,7168,7168
2169,7168,7168
2179,7168,7168
2181,7168,7168
2189,7168,7168
2199,7168,7168
2209,7168,7168
2219,7168,7168
2229,7168,7168
2239,7168,7168
2249,7168,7168
2259,7168,7168
2269,7168,7168
2279,7168,7168
2289,7168,7168
2299,7168,7168
2309,7168,7168
2319,7168,7168
2329,7168,7168
2339,7168,7168
2349,7168,7168
2359,7168,7168
2369,7168,7168
2379,7168,7168
2389,7168,7168
2399,7168,7168
2409,7168,7168
2419,7168,7168
2429,7168,7168
2439,7168,7168
2449,7168,7168
2459,7168,7168
108,7168,7168
119,7168,7168
129,7168,7168
139,7168,7168
149,7168,7168
159,7168,7168
169,7168,7168
179,7168,7168
189,7168,7168
199,7168,7168
209,7168,7168
219,7168,7168
229,7168,7168
239,7168,7168
249,7168,7168
259,7168,7168
269,7168,7168
279,7168,7168
289,7168,7168
299,7168,7168
309,7168,7168
319,7168,7168
329,7168,7168
339,7168,7168
349,7168,7168
359,7168,7168
369,7168,7168
375,7168,7168
379,7168,7168
389,7168,7168
399,7168,7168
409,7168,7168
419,7168,7168
429,7168,7168
439,7168,7168
449,7168,7168
459,7168,7168
469,7168,7168
479,7168,7168
489,7168,7168
499,7168,7168
509,7168,7168
519,7168,7168
529,7168,7168
539,7168,7168
549,7168,7168
559,7168,7168
569,7168,7168
579,7168,7168
589,7168,7168
599,7168,7168
609,7168,7168
619,7168,7168
629,7168,7168
639,7168,7168
649,7168,7168
659,7168,7168
669,7168,7168
679,7168,7168
689,7168,7168
699,7168,7168
709,7168,7168
719,7168,7168
729,7168,7168
739,7168,7168
749,7168,7168
759,7168,7168
769,7168,7168
779,7168,7168
789,7168,7168
799,7168,7168
809,7168,7168
819,7168,7168
829,7168,7168
839,7168,7168
849,7168,7168
859,7168,7168
869,7168,7168
879,7168,7168
889,7168,7168
899,7168,7168
909,7168,7168
919,7168,7168
929,7168,7168
939,7168,7168
949,7168,7168
959,7168,7168
969,7168,7168
979,7168,7168
989,7168,7168
999,7168,7168
1009,7168,7168
1019,7168,7168
1029,7168,7168
1039,7168,7168
1049,7168,7168
1059,7168,7168
1069,7168,7168
1079,7168,7168
1089,7168,7168
1099,7168,7168
1109,7168,7168
1119,7168,7168
1129,7168,7168
1139,7168,7168
1149,7168,7168
1159,7168,7168
1169,7168,7168
1179,7168,7168
1189,7168,7168
1199,7168,7168
1209,7168,7168
1219,7168,7168
1219,7168,7168
1229,7168,7168
1239,7168,7168
1249,7168,7168
1259,7168,7168
1269,7168,7168
1279,7168,7168
1289,7168,7168
1299,7168,7168
1309,7168,7168
1319,7168,7168
1329,7168,7168
1339,7168,7168
1349,7168,7168
1359,7168,7168
1369,7168,7168
1379,7168,7168
1389,7168,7168
1399,7168,7168
1409,7168,7168
1419,7168,7168
1429,7168,7168
1439,7168,7168
1449,7168,7168
1459,7168,7168
1469,7168,7168
1479,7168,7168
1489,7168,7168
1499,7168,7168
1509,7168,7168
1519,7168,7168
1529,7168,7168
1539,7168,7168
1549,7168,7168
